t	w1	w2	theta1	theta2
0	1	1	0.2	0.2
1	1.01813	1.02	0.184417	0.186983
2	1.03	1.03579	0.164691	0.164321
3	1.04054	1.05331	0.165603	0.133702
4	1.05169	1.07142	0.167784	0.117259
5	1.06899	1.09142	0.195611	0.1318
6	1.08313	1.11142	0.206415	0.128702
7	1.10189	1.13142	0.198298	0.161954
8	1.11756	1.15	0.172641	0.177921
9	1.12836	1.16721	0.17496	0.158724
10	1.13788	1.18117	0.16963	0.149094
11	1.14909	1.19467	0.155934	0.154002
12	1.16437	1.21224	0.145087	0.178525
13	1.1771	1.23214	0.163326	0.172252
14	1.19228	1.2519	0.167556	0.189919
15	1.20455	1.2719	0.188008	0.17837
16	1.21518	1.28683	0.185068	0.176014
17	1.2191	1.29605	0.185408	0.158296
18	1.21948	1.29766	0.184786	0.155404
19	1.22883	1.30735	0.168871	0.16206
20	1.23367	1.3135	0.163495	0.157962
21	1.24076	1.32383	0.162782	0.155077
22	1.25049	1.33634	0.161675	0.162367
23	1.25954	1.35033	0.169038	0.162878
24	1.26264	1.35906	0.17174	0.149183
25	1.26184	1.35758	0.173216	0.151046
26	1.2707	1.36552	0.158575	0.16036
27	1.28161	1.3792	0.161457	0.174366
28	1.29272	1.38807	0.141681	0.189288
29	1.30788	1.39588	0.0916435	0.216264
30	1.32179	1.4073	0.0861008	0.238054
31	1.32885	1.41188	0.0809986	0.237766
32	1.33415	1.41559	0.0791093	0.23566
33	1.33574	1.41439	0.0774535	0.237027
34	1.34696	1.42122	0.064042	0.247405
35	1.35481	1.4313	0.0766136	0.242165
36	1.35789	1.43266	0.0750948	0.240974
37	1.36437	1.43756	0.0734638	0.240995
38	1.37569	1.45106	0.0916633	0.250387
39	1.38503	1.45802	0.0851536	0.256214
40	1.39328	1.4628	0.0759188	0.259858
41	1.40155	1.46838	0.0706301	0.263527
42	1.40615	1.47102	0.0684569	0.262605
43	1.41515	1.48009	0.0745307	0.266847
44	1.41956	1.48241	0.0717951	0.266176
45	1.42235	1.48607	0.0734416	0.261954
46	1.427	1.48621	0.0657682	0.262012
47	1.43473	1.49841	0.0842087	0.259048
48	1.44074	1.50019	0.0745174	0.260593
49	1.44858	1.50247	0.0595075	0.264303
50	1.45011	1.49988	0.0571961	0.264587
51	1.45386	1.50395	0.0592192	0.263009
52	1.46051	1.51345	0.0706856	0.263105
53	1.47041	1.52351	0.0774932	0.276099
54	1.47001	1.52505	0.0772125	0.273402
55	1.47359	1.52827	0.0771407	0.272342
56	1.47707	1.52795	0.0718802	0.272227
57	1.48023	1.52956	0.0702934	0.272076
58	1.48637	1.53406	0.0682854	0.275217
59	1.49657	1.54479	0.0775068	0.289811
60	1.49779	1.54281	0.0757298	0.290569
61	1.49832	1.54426	0.0758753	0.288664
62	1.50421	1.55052	0.0781014	0.28969
63	1.50728	1.55387	0.0785213	0.288042
64	1.51599	1.56066	0.0752441	0.29714
65	1.51742	1.5586	0.073055	0.297569
66	1.51799	1.5579	0.0726961	0.298145
67	1.52785	1.57321	0.0992529	0.306288
68	1.53511	1.58686	0.117094	0.301446
69	1.54161	1.59664	0.123346	0.301191
70	1.55123	1.60923	0.133068	0.312335
71	1.55753	1.61581	0.130394	0.314059
72	1.56128	1.62023	0.129	0.312232
73	1.56008	1.61718	0.13103	0.315707
74	1.56648	1.62499	0.131597	0.316877
75	1.57426	1.63191	0.126264	0.322901
76	1.57555	1.63076	0.124037	0.323474
77	1.57584	1.62974	0.123667	0.324425
78	1.58342	1.63788	0.123521	0.329145
79	1.5828	1.63738	0.123978	0.329866
80	1.58744	1.64077	0.119541	0.330129
81	1.59069	1.64797	0.123198	0.322933
82	1.59473	1.65018	0.118514	0.323434
83	1.59562	1.65232	0.118486	0.321252
84	1.59842	1.65695	0.119464	0.318577
85	1.60343	1.66671	0.127801	0.315464
86	1.60719	1.67334	0.130678	0.313366
87	1.61044	1.67751	0.130523	0.312914
88	1.61767	1.68616	0.133984	0.32054
89	1.62665	1.69858	0.146335	0.333106
90	1.62917	1.70182	0.145469	0.331501
91	1.6354	1.70746	0.142044	0.33543
92	1.63302	1.70625	0.142902	0.337574
93	1.63084	1.70506	0.14383	0.339681
94	1.63783	1.71358	0.146714	0.343473
95	1.64726	1.72086	0.138928	0.354845
96	1.65402	1.73003	0.144853	0.356186
97	1.66042	1.73844	0.148919	0.357311
98	1.66914	1.74336	0.136059	0.365023
99	1.67696	1.75426	0.146692	0.369154
100	1.68221	1.75719	0.140854	0.370347
101	1.68882	1.76659	0.148185	0.371448
102	1.69311	1.77389	0.152147	0.367854
103	1.69252	1.77076	0.153144	0.370496
104	1.6988	1.7778	0.154024	0.373062
105	1.70364	1.78312	0.153644	0.37326
106	1.70914	1.78737	0.149957	0.375331
107	1.70884	1.78954	0.149835	0.372092
108	1.71578	1.79949	0.158284	0.376117
109	1.71624	1.80522	0.158962	0.366905
110	1.71618	1.80555	0.158986	0.366588
111	1.7188	1.8114	0.161408	0.362934
112	1.72398	1.81918	0.166041	0.364606
113	1.73132	1.82567	0.16408	0.37243
114	1.73341	1.82629	0.162135	0.372345
115	1.73674	1.83284	0.165528	0.369847
116	1.7403	1.83345	0.160635	0.370183
117	1.74888	1.84988	0.188224	0.383042
118	1.75352	1.85608	0.188915	0.383469
119	1.75816	1.86196	0.189161	0.384293
120	1.77077	1.87598	0.201041	0.416822
121	1.78038	1.88243	0.188813	0.426368
122	1.78534	1.88875	0.189883	0.424124
123	1.79266	1.89647	0.190594	0.427797
124	1.79898	1.90229	0.188553	0.429614
125	1.80921	1.90979	0.181477	0.441924
126	1.81402	1.91747	0.186285	0.437734
127	1.82122	1.92346	0.183884	0.44168
128	1.82889	1.93219	0.188742	0.446419
129	1.83086	1.93998	0.192303	0.43484
130	1.83354	1.94311	0.191996	0.433197
131	1.83341	1.94669	0.191877	0.42755
132	1.83524	1.95172	0.193569	0.423054
133	1.84081	1.95504	0.189326	0.425729
134	1.84925	1.95929	0.179937	0.433426
135	1.84843	1.95824	0.180233	0.43463
136	1.85202	1.96345	0.182846	0.433502
137	1.85416	1.96471	0.18205	0.433162
138	1.86285	1.96773	0.169026	0.439428
139	1.87073	1.97745	0.180512	0.449388
140	1.87243	1.97997	0.180987	0.447671
141	1.8795	1.98659	0.183539	0.453966
142	1.8792	1.98535	0.183718	0.455206
143	1.88137	1.98263	0.17953	0.454791
144	1.88886	1.98678	0.174219	0.460459
145	1.8926	1.98994	0.174279	0.460557
146	1.90428	1.99626	0.164579	0.477793
147	1.91259	2.00533	0.174546	0.486693
148	1.91693	2.00611	0.169997	0.48693
149	1.92233	2.01087	0.17132	0.488333
150	1.92933	2.01587	0.170709	0.492859
151	1.92793	2.01365	0.171457	0.496081
152	1.92941	2.01725	0.172687	0.492093
153	1.93133	2.019	0.172739	0.490947
154	1.93619	2.02311	0.173381	0.49194
155	1.94523	2.02628	0.161683	0.498213
156	1.95252	2.02992	0.15814	0.502756
157	1.95493	2.02719	0.154254	0.502215
158	1.95792	2.03125	0.156798	0.500745
159	1.96307	2.03366	0.154931	0.502433
160	1.9611	2.02807	0.157888	0.507837
161	1.96678	2.03366	0.161308	0.510422
162	1.97132	2.04155	0.169023	0.509109
163	1.97657	2.04429	0.166459	0.510992
164	1.97993	2.05067	0.171172	0.508631
165	1.98134	2.05371	0.172073	0.506496
166	1.99293	2.06541	0.18788	0.533737
167	1.99813	2.07317	0.193926	0.532951
168	2.00265	2.08693	0.209341	0.523848
169	2.01031	2.09323	0.208013	0.531387
170	2.01933	2.10157	0.210805	0.543531
171	2.02158	2.10548	0.211467	0.540465
172	2.02691	2.11142	0.213065	0.54194
173	2.02924	2.11122	0.210161	0.541984
174	2.03493	2.11646	0.210107	0.544639
175	2.03798	2.12029	0.210533	0.543381
176	2.04291	2.12216	0.205415	0.544558
177	2.04463	2.12462	0.205528	0.543098
178	2.04853	2.12884	0.206261	0.543501
179	2.04885	2.127	0.205884	0.544562
180	2.04899	2.13068	0.20601	0.540081
181	2.05419	2.13694	0.209468	0.543205
182	2.05439	2.13422	0.209176	0.544465
183	2.05431	2.13634	0.209144	0.542134
184	2.05435	2.13517	0.209109	0.54293
185	2.04995	2.13001	0.214266	0.552805
186	2.04921	2.13119	0.214199	0.551075
187	2.05108	2.13278	0.21345	0.550241
188	2.04664	2.12814	0.218095	0.560343
189	2.04452	2.12437	0.221224	0.566523
190	2.04952	2.12849	0.219073	0.566695
191	2.05669	2.13361	0.21538	0.570849
192	2.06421	2.14251	0.22196	0.576448
193	2.07635	2.1545	0.23349	0.601256
194	2.08178	2.15871	0.230232	0.600664
195	2.08465	2.16351	0.231095	0.595583
196	2.08998	2.16888	0.230854	0.595173
197	2.09313	2.17496	0.233234	0.589967
198	2.09496	2.17902	0.233869	0.58571
199	2.10095	2.18892	0.242967	0.587241
200	2.10252	2.1903	0.241959	0.586152
201	2.10637	2.19458	0.241592	0.585452
202	2.11046	2.1968	0.238021	0.585803
203	2.1152	2.20362	0.24147	0.586295
204	2.12151	2.20744	0.236861	0.589794
205	2.12401	2.20712	0.233605	0.589824
206	2.12689	2.20583	0.228656	0.589578
207	2.12928	2.20879	0.228733	0.588527
208	2.13271	2.21501	0.23215	0.58743
209	2.14003	2.22103	0.232575	0.595286
210	2.14207	2.22361	0.232565	0.594193
211	2.14819	2.23203	0.240029	0.599979
212	2.14712	2.23204	0.240313	0.599964
213	2.14952	2.2382	0.243066	0.596421
214	2.1554	2.24456	0.245794	0.601216
215	2.1613	2.24894	0.244191	0.605044
216	2.16054	2.24728	0.244894	0.606796
217	2.1637	2.25008	0.244161	0.606665
218	2.16765	2.24935	0.237491	0.606223
219	2.16744	2.24916	0.237581	0.6064
220	2.16767	2.25053	0.237588	0.605173
221	2.1728	2.25972	0.24667	0.608708
222	2.18144	2.2661	0.246256	0.620127
223	2.18744	2.26948	0.242814	0.623266
224	2.19123	2.27345	0.243496	0.623628
225	2.19755	2.27936	0.245795	0.62902
226	2.20281	2.28389	0.246157	0.631685
227	2.20529	2.28284	0.242776	0.631644
228	2.21177	2.28805	0.243516	0.637033
229	2.21103	2.2926	0.242455	0.629985
230	2.21438	2.2968	0.244124	0.630221
231	2.21803	2.3034	0.248852	0.630611
232	2.21992	2.3047	0.248343	0.630342
233	2.21812	2.29899	0.251946	0.635356
234	2.21998	2.30424	0.253881	0.632407
235	2.22093	2.30452	0.253369	0.632275
236	2.2239	2.30567	0.2514	0.632515
237	2.22616	2.31031	0.253187	0.63131
238	2.229	2.31081	0.250831	0.631457
239	2.23082	2.31034	0.249138	0.631441
240	2.22979	2.30923	0.249666	0.632476
241	2.23541	2.3147	0.252067	0.637825
242	2.23979	2.3208	0.255962	0.640617
243	2.24201	2.32046	0.253698	0.640579
244	2.24668	2.32635	0.257223	0.644125
245	2.24748	2.32793	0.257211	0.643266
246	2.24962	2.32595	0.253791	0.642736
247	2.25416	2.32809	0.251217	0.644552
248	2.25795	2.3317	0.251867	0.646341
249	2.2576	2.33237	0.251869	0.64581
250	2.26048	2.33652	0.253516	0.646421
251	2.26951	2.34745	0.270115	0.669134
252	2.27379	2.35627	0.277452	0.670118
253	2.27313	2.35667	0.277669	0.669638
254	2.27523	2.36125	0.278911	0.667518
255	2.27843	2.3674	0.281964	0.667017
256	2.28031	2.3712	0.282685	0.665508
257	2.28038	2.37543	0.282753	0.661228
258	2.28457	2.37472	0.27587	0.660608
259	2.28563	2.37829	0.276554	0.658915
260	2.29051	2.38584	0.283062	0.664636
261	2.29767	2.39225	0.286284	0.674644
262	2.29806	2.39378	0.286279	0.673522
263	2.30189	2.39887	0.288532	0.675251
264	2.30254	2.40139	0.288731	0.673581
265	2.29815	2.40075	0.2874	0.675015
266	2.29997	2.40199	0.286826	0.674737
267	2.30207	2.40554	0.287814	0.673951
268	2.31206	2.40924	0.278762	0.683806
269	2.31636	2.41082	0.276624	0.684847
270	2.32022	2.41238	0.275124	0.685682
271	2.32205	2.41789	0.27776	0.683775
272	2.3231	2.42554	0.280233	0.679046
273	2.32188	2.422	0.281602	0.681802
274	2.32407	2.42369	0.28161	0.68187
275	2.32602	2.4261	0.282224	0.681732
276	2.32973	2.42618	0.279036	0.681794
277	2.32875	2.4273	0.278555	0.680716
278	2.33154	2.42889	0.278363	0.681308
279	2.33634	2.43572	0.28527	0.687433
280	2.33967	2.43401	0.28047	0.68617
281	2.33977	2.43635	0.280542	0.68477
282	2.34242	2.43913	0.281582	0.68565
283	2.34333	2.43521	0.280031	0.685084
284	2.34573	2.431	0.274894	0.681894
285	2.34626	2.4259	0.273803	0.680566
286	2.34758	2.42595	0.273273	0.680575
287	2.34975	2.42735	0.273109	0.681183
288	2.34751	2.42446	0.27473	0.68367
289	2.35201	2.42737	0.274644	0.686977
290	2.3598	2.43095	0.272018	0.695159
291	2.36388	2.43196	0.269691	0.696195
292	2.36045	2.42827	0.272238	0.701132
293	2.35788	2.42759	0.272012	0.702065
294	2.3596	2.43104	0.273248	0.70166
295	2.35845	2.43226	0.27267	0.700425
296	2.35731	2.43209	0.272629	0.700582
297	2.35242	2.4314	0.269383	0.702134
298	2.3583	2.4318	0.263475	0.702729
299	2.36086	2.43593	0.266114	0.703307
300	2.36214	2.43782	0.266701	0.702936
301	2.36849	2.44198	0.268989	0.709349
302	2.37233	2.446	0.271747	0.711769
303	2.37517	2.45327	0.277512	0.712812
304	2.37658	2.45338	0.27709	0.712804
305	2.38135	2.45576	0.276645	0.715282
306	2.38228	2.45878	0.277433	0.714207
307	2.38692	2.46209	0.278801	0.717488
308	2.38895	2.45973	0.276158	0.716606
309	2.39067	2.45946	0.275329	0.716559
310	2.39317	2.462	0.276311	0.717387
311	2.3965	2.46474	0.277356	0.71912
312	2.39566	2.46676	0.276665	0.717459
313	2.39052	2.46097	0.282039	0.728282
314	2.38649	2.45949	0.281521	0.731319
315	2.391	2.46461	0.285434	0.73435
316	2.39348	2.46256	0.281958	0.733875
317	2.39393	2.46054	0.281512	0.734804
318	2.39876	2.46022	0.275756	0.734483
319	2.40275	2.46183	0.274696	0.735564
320	2.40619	2.4675	0.279198	0.737478
321	2.40707	2.47561	0.281467	0.732552
322	2.41171	2.4784	0.281942	0.735273
323	2.4085	2.47575	0.283192	0.739388
324	2.41054	2.47676	0.282931	0.739394
325	2.41667	2.48075	0.284502	0.74489
326	2.42201	2.48202	0.2812	0.746402
327	2.43033	2.48434	0.275776	0.751661
328	2.43247	2.49041	0.279598	0.751146
329	2.42942	2.48725	0.281304	0.755928
330	2.42942	2.48812	0.281303	0.755255
331	2.42421	2.48217	0.287363	0.768425
332	2.42755	2.48847	0.292176	0.7679
333	2.42822	2.48543	0.291187	0.76962
334	2.43027	2.48612	0.290344	0.769406
335	2.43213	2.48821	0.290609	0.768534
336	2.43391	2.48528	0.287657	0.768854
337	2.43615	2.4837	0.28487	0.768866
338	2.44135	2.49081	0.292286	0.774062
339	2.44316	2.48915	0.29	0.774344
340	2.4431	2.48418	0.290132	0.777242
341	2.44981	2.48926	0.292286	0.783623
342	2.45146	2.4899	0.291502	0.783346
343	2.45571	2.49385	0.292763	0.784894
344	2.4604	2.50423	0.304681	0.790003
345	2.46156	2.50348	0.303517	0.790407
346	2.46674	2.50983	0.308234	0.794583
347	2.46893	2.51495	0.310214	0.792495
348	2.47162	2.51601	0.308555	0.792466
349	2.47661	2.51725	0.304102	0.793507
350	2.4762	2.51636	0.304383	0.794368
351	2.48214	2.51961	0.302949	0.798051
352	2.48547	2.52751	0.309173	0.798977
353	2.48348	2.52615	0.31033	0.801037
354	2.48344	2.52539	0.310362	0.801727
355	2.49209	2.53081	0.311628	0.812624
356	2.49598	2.53231	0.309299	0.813066
357	2.49762	2.53482	0.309574	0.81179
358	2.49626	2.52785	0.313311	0.818714
359	2.49995	2.52886	0.310181	0.818906
360	2.5082	2.53395	0.310565	0.827893
361	2.51367	2.538	0.310913	0.830767
362	2.51661	2.53896	0.308958	0.830684
363	2.52358	2.5446	0.312462	0.837957
364	2.52926	2.54553	0.306364	0.838799
365	2.53536	2.5503	0.308663	0.843594
366	2.54358	2.56013	0.324863	0.861111
367	2.54958	2.5658	0.327797	0.86515
368	2.55285	2.56991	0.328714	0.864081
369	2.55466	2.57104	0.327696	0.863346
370	2.55401	2.57336	0.327512	0.859783
371	2.56062	2.57496	0.320947	0.861683
372	2.56331	2.57916	0.322567	0.860641
373	2.57242	2.58069	0.311844	0.86404
374	2.57955	2.58829	0.322468	0.875443
375	2.58874	2.59751	0.338603	0.895611
376	2.59769	2.60478	0.346018	0.908663
377	2.59833	2.6083	0.346255	0.903742
378	2.60437	2.60921	0.338679	0.904402
379	2.60434	2.60916	0.338695	0.904467
380	2.606	2.61361	0.339914	0.900673
381	2.609	2.61766	0.341239	0.899603
382	2.61056	2.61994	0.341252	0.897981
383	2.61592	2.62414	0.34261	0.901011
384	2.61301	2.62562	0.341407	0.897686
385	2.61237	2.63257	0.340073	0.888028
386	2.61649	2.63994	0.347343	0.891988
387	2.61534	2.63693	0.34891	0.895936
388	2.62032	2.63778	0.344628	0.896548
389	2.62515	2.64426	0.35094	0.901268
390	2.62951	2.64231	0.343093	0.900096
391	2.62985	2.6444	0.3432	0.898264
392	2.63237	2.64946	0.346057	0.898087
393	2.63874	2.65396	0.349266	0.904505
394	2.64211	2.65344	0.345751	0.90434
395	2.64581	2.65577	0.345802	0.905385
396	2.64703	2.65565	0.345124	0.905433
397	2.64493	2.65589	0.34502	0.905052
398	2.64764	2.65908	0.346338	0.905401
399	2.64702	2.65652	0.34706	0.907901
400	2.65223	2.66028	0.348995	0.911697
401	2.64795	2.65739	0.352339	0.918503
402	2.65212	2.65818	0.349384	0.918849
403	2.66121	2.65857	0.337535	0.919752
404	2.66788	2.66025	0.334936	0.922316
405	2.67453	2.66129	0.331127	0.923953
406	2.67792	2.66676	0.336113	0.926403
407	2.68339	2.67198	0.342355	0.932805
408	2.68574	2.67143	0.340618	0.932797
409	2.69134	2.66957	0.331813	0.930394
410	2.69462	2.67144	0.332421	0.931324
411	2.69816	2.67904	0.34055	0.93697
412	2.6952	2.68264	0.336048	0.930464
413	2.69216	2.6814	0.336231	0.932611
414	2.69478	2.68054	0.334484	0.932399
415	2.69735	2.6819	0.334916	0.932733
416	2.69789	2.68858	0.336193	0.930194
417	2.69946	2.69042	0.337027	0.930131
418	2.69898	2.68734	0.337515	0.93225
419	2.70019	2.6896	0.338336	0.931823
420	2.69859	2.68856	0.338597	0.933042
421	2.69481	2.69004	0.334635	0.930033
422	2.69561	2.69053	0.334791	0.929857
423	2.69515	2.69049	0.334717	0.929887
424	2.69696	2.69514	0.337632	0.930164
425	2.69891	2.70034	0.34114	0.930953
426	2.69687	2.70273	0.338581	0.927724
427	2.70129	2.70397	0.339321	0.929036
428	2.70443	2.70233	0.336861	0.927981
429	2.70468	2.70256	0.336925	0.927896
430	2.7082	2.70335	0.337239	0.928554
431	2.70854	2.70101	0.336995	0.929165
432	2.70927	2.70371	0.337768	0.928744
433	2.71286	2.70308	0.3361	0.928162
434	2.71259	2.69783	0.336566	0.929805
435	2.71278	2.69475	0.336362	0.930577
436	2.71288	2.69387	0.336334	0.930882
437	2.71082	2.69052	0.338208	0.934504
438	2.70944	2.68469	0.340945	0.939314
439	2.71077	2.68666	0.341477	0.939053
440	2.71183	2.68991	0.342451	0.938407
441	2.71733	2.69452	0.348017	0.945409
442	2.71771	2.69647	0.348195	0.944458
443	2.72024	2.69653	0.347058	0.944478
444	2.72386	2.6982	0.347254	0.945775
445	2.7297	2.70538	0.358728	0.958764
446	2.72742	2.70733	0.357174	0.955753
447	2.72864	2.7117	0.358672	0.954927
448	2.72814	2.70942	0.359166	0.956764
449	2.72906	2.71301	0.360052	0.955592
450	2.72536	2.71232	0.360048	0.956974
451	2.7245	2.71392	0.359643	0.955286
452	2.72682	2.71433	0.358959	0.955342
453	2.72825	2.71547	0.359079	0.955158
454	2.72956	2.72545	0.363535	0.957123
455	2.73248	2.72384	0.360511	0.956468
456	2.7357	2.7248	0.360253	0.957015
457	2.73736	2.72932	0.362593	0.957481
458	2.73723	2.72689	0.362721	0.95895
459	2.74202	2.72803	0.361894	0.960305
460	2.74528	2.73284	0.366333	0.963904
461	2.74926	2.73299	0.364404	0.964039
462	2.75375	2.73331	0.362423	0.964403
463	2.75266	2.73031	0.363583	0.966941
464	2.75179	2.73197	0.363093	0.96553
465	2.75577	2.73285	0.362361	0.966377
466	2.75527	2.72817	0.363252	0.969168
467	2.75772	2.72613	0.360299	0.968398
468	2.75657	2.72655	0.360165	0.968012
469	2.75403	2.72973	0.356847	0.963565
470	2.75226	2.73371	0.35396	0.959434
471	2.75763	2.73593	0.356229	0.963092
472	2.75649	2.73865	0.35487	0.960985
473	2.7615	2.74245	0.360376	0.967067
474	2.75967	2.74156	0.360492	0.968031
475	2.75975	2.74067	0.36047	0.968415
476	2.76428	2.74076	0.358796	0.968529
477	2.76663	2.74412	0.361321	0.97036
478	2.76603	2.74396	0.361296	0.970461
479	2.76747	2.74908	0.363902	0.971821
480	2.7694	2.74526	0.360869	0.970556
481	2.76956	2.74483	0.360849	0.970687
482	2.77366	2.7428	0.356298	0.968313
483	2.77433	2.74331	0.356436	0.968311
484	2.77899	2.74187	0.352303	0.96615
485	2.78378	2.74078	0.348865	0.964337
486	2.78563	2.74083	0.348861	0.964368
487	2.78643	2.73969	0.34858	0.964027
488	2.78694	2.73941	0.348572	0.963968
489	2.79137	2.73912	0.346923	0.963482
490	2.79195	2.7454	0.348332	0.966712
491	2.79153	2.73974	0.349116	0.966838
492	2.79233	2.74076	0.349446	0.967193
493	2.79023	2.74242	0.347431	0.966002
494	2.78659	2.73894	0.349868	0.970437
495	2.78924	2.73889	0.349418	0.97039
496	2.78993	2.74228	0.350315	0.971252
497	2.78874	2.74312	0.349639	0.970827
498	2.78839	2.74996	0.348667	0.970966
499	2.78798	2.75367	0.347971	0.970393
500	2.7911	2.7516	0.345741	0.96815
501	2.79209	2.74746	0.344464	0.96645
502	2.79232	2.74683	0.344478	0.966361
503	2.78912	2.74639	0.342872	0.966851
504	2.78544	2.74253	0.345269	0.971958
505	2.78136	2.74376	0.340485	0.969942
506	2.77429	2.74597	0.325925	0.963924
507	2.77768	2.74419	0.325049	0.961945
508	2.78013	2.7461	0.327972	0.963616
509	2.78204	2.74552	0.328487	0.963243
510	2.78185	2.74204	0.328606	0.963502
511	2.78235	2.73761	0.328056	0.962618
512	2.78769	2.73019	0.31341	0.946613
513	2.78799	2.73138	0.313746	0.947214
514	2.78489	2.7285	0.313739	0.949351
515	2.78331	2.72595	0.313879	0.950048
516	2.78008	2.71973	0.31797	0.955025
517	2.78205	2.72102	0.319488	0.956118
518	2.78783	2.72114	0.319485	0.956385
519	2.78607	2.71979	0.31924	0.956992
520	2.78189	2.71727	0.319221	0.960406
521	2.78637	2.71833	0.32102	0.962219
522	2.78618	2.72328	0.320594	0.962568
523	2.78321	2.72641	0.314813	0.959378
524	2.78323	2.71762	0.314748	0.956291
525	2.78415	2.71546	0.314385	0.955233
526	2.78631	2.712	0.312148	0.951701
527	2.78625	2.70955	0.312173	0.951025
528	2.78873	2.70996	0.312998	0.95152
529	2.78478	2.70254	0.32034	0.95837
530	2.78502	2.70082	0.32022	0.957987
531	2.78747	2.70346	0.322388	0.960749
532	2.78547	2.70659	0.319391	0.958804
533	2.78644	2.71295	0.321849	0.962649
534	2.78527	2.71228	0.321662	0.962904
535	2.78547	2.71435	0.321869	0.963128
536	2.78349	2.71327	0.321617	0.963886
537	2.78689	2.71568	0.324631	0.966953
538	2.78347	2.71724	0.320444	0.964949
539	2.78229	2.71951	0.318854	0.963892
540	2.78419	2.71539	0.31643	0.960857
541	2.7877	2.7145	0.315597	0.959642
542	2.78136	2.70662	0.326144	0.975108
543	2.78695	2.70835	0.327698	0.978279
544	2.79073	2.71143	0.331107	0.981936
545	2.79443	2.71444	0.334253	0.985387
546	2.7972	2.71597	0.335179	0.986549
547	2.8006	2.71535	0.333351	0.985924
548	2.80199	2.71384	0.332413	0.985436
549	2.7955	2.70758	0.342005	1.00049
550	2.7961	2.70155	0.340487	1.00162
551	2.79717	2.70275	0.340525	1.00139
552	2.80132	2.7028	0.33783	1.00144
553	2.80544	2.7035	0.336355	1.00217
554	2.80975	2.70759	0.340465	1.00717
555	2.81267	2.70815	0.339514	1.00751
556	2.81093	2.71003	0.338428	1.00544
557	2.81763	2.70981	0.333017	1.00497
558	2.81824	2.7084	0.332586	1.0051
559	2.82321	2.70947	0.331921	1.00676
560	2.82657	2.71011	0.331343	1.00738
561	2.83252	2.71324	0.335191	1.01385
562	2.83048	2.70989	0.337652	1.01719
563	2.83161	2.71226	0.338251	1.01732
564	2.83653	2.71537	0.341078	1.02212
565	2.83671	2.71792	0.341199	1.02134
566	2.84349	2.71656	0.332823	1.01834
567	2.84332	2.7164	0.332849	1.01838
568	2.84435	2.71633	0.332612	1.01837
569	2.84576	2.71662	0.332432	1.01847
570	2.8461	2.71725	0.332464	1.01844
571	2.84669	2.72065	0.333129	1.01875
572	2.84641	2.71693	0.333533	1.01959
573	2.84571	2.71507	0.334064	1.02041
574	2.84455	2.71616	0.333662	1.0197
575	2.84538	2.7146	0.332996	1.01955
576	2.84317	2.71523	0.332333	1.0189
577	2.84441	2.71399	0.331465	1.0186
578	2.84588	2.71703	0.332782	1.01976
579	2.84353	2.72031	0.329629	1.01631
580	2.84329	2.72199	0.329468	1.01588
581	2.84238	2.72254	0.32917	1.0156
582	2.84467	2.721	0.327516	1.01453
583	2.84136	2.72046	0.326884	1.01527
584	2.84188	2.71829	0.326473	1.01521
585	2.84212	2.7172	0.32638	1.0153
586	2.84354	2.71744	0.326376	1.01539
587	2.83826	2.71512	0.327718	1.02023
588	2.8357	2.71231	0.32975	1.02373
589	2.83328	2.71222	0.329444	1.02385
590	2.83261	2.71203	0.329496	1.02399
591	2.83573	2.71179	0.328165	1.02383
592	2.84279	2.7128	0.327015	1.02611
593	2.84755	2.71388	0.327031	1.02766
594	2.84579	2.714	0.326746	1.02754
595	2.84986	2.71309	0.323888	1.02646
596	2.84961	2.71379	0.323819	1.0262
597	2.84941	2.71697	0.323574	1.02518
598	2.85137	2.71586	0.322544	1.02465
599	2.84785	2.71631	0.320531	1.02397
600	2.84337	2.71499	0.320117	1.02651
601	2.84304	2.71661	0.319868	1.02571
602	2.84498	2.71235	0.316711	1.02385
603	2.84631	2.7117	0.316417	1.02372
604	2.84919	2.71098	0.315329	1.02313
605	2.84545	2.71403	0.309172	1.01825
606	2.8481	2.71417	0.309571	1.01837
607	2.84827	2.71236	0.309503	1.01849
608	2.85088	2.71525	0.312542	1.02102
609	2.85273	2.71378	0.311676	1.02021
610	2.85418	2.70856	0.308994	1.01737
611	2.85062	2.70475	0.312012	1.02228
612	2.85596	2.70572	0.312482	1.02408
613	2.85175	2.70247	0.315362	1.02945
614	2.85403	2.69835	0.311367	1.02684
615	2.85969	2.69709	0.306369	1.02439
616	2.8595	2.69845	0.306256	1.02417
617	2.85461	2.69674	0.306413	1.02739
618	2.85613	2.69924	0.30778	1.02829
619	2.85448	2.7016	0.305928	1.02632
620	2.85517	2.70551	0.307023	1.0267
621	2.85351	2.70402	0.307361	1.02791
622	2.85859	2.70544	0.309151	1.03031
623	2.85534	2.70502	0.308162	1.03091
624	2.85462	2.70289	0.308572	1.03204
625	2.85779	2.70421	0.30978	1.03321
626	2.85511	2.7035	0.309487	1.03412
627	2.85632	2.70729	0.311241	1.03467
628	2.85751	2.70847	0.311811	1.03479
629	2.85521	2.70686	0.312367	1.03668
630	2.85202	2.70687	0.310996	1.03666
631	2.85386	2.70755	0.311456	1.03682
632	2.85264	2.70701	0.31139	1.0373
633	2.85313	2.70821	0.31166	1.03698
634	2.85587	2.71195	0.31541	1.03943
635	2.85763	2.7118	0.315266	1.0394
636	2.8608	2.71222	0.315361	1.03973
637	2.86437	2.71572	0.319624	1.04335
638	2.86434	2.7099	0.319698	1.04496
639	2.86495	2.71108	0.319925	1.04473
640	2.86431	2.71173	0.319742	1.0443
641	2.86235	2.70509	0.324229	1.05073
642	2.8637	2.70837	0.325521	1.05062
643	2.86259	2.70757	0.32592	1.05139
644	2.85951	2.70897	0.323948	1.04896
645	2.86085	2.71049	0.324428	1.04885
646	2.86174	2.71121	0.324517	1.04869
647	2.86371	2.71546	0.327238	1.04986
648	2.86403	2.71708	0.327399	1.0492
649	2.86864	2.71743	0.326197	1.04963
650	2.86974	2.71683	0.325785	1.04966
651	2.86759	2.71402	0.327744	1.05308
652	2.866	2.71678	0.326084	1.04999
653	2.87016	2.71749	0.325763	1.05076
654	2.87132	2.71268	0.323479	1.05044
655	2.87198	2.71438	0.323815	1.05014
656	2.87154	2.7142	0.323856	1.05024
657	2.87087	2.71827	0.322838	1.04772
658	2.87269	2.72013	0.323902	1.04831
659	2.87366	2.72454	0.325486	1.04869
660	2.8768	2.72461	0.325015	1.04875
661	2.87381	2.72427	0.324428	1.04925
662	2.87689	2.72407	0.323701	1.04909
663	2.87991	2.72632	0.32587	1.05103
664	2.88102	2.72808	0.326574	1.05125
665	2.88424	2.72816	0.326137	1.05133
666	2.88894	2.73153	0.33123	1.05684
667	2.89067	2.73605	0.334033	1.05906
668	2.8946	2.73602	0.333002	1.05903
669	2.895	2.73769	0.333246	1.0589
670	2.89629	2.73907	0.333846	1.05927
671	2.89537	2.73792	0.334153	1.05994
672	2.89611	2.73689	0.333832	1.05992
673	2.89703	2.7391	0.334549	1.06023
674	2.89612	2.7358	0.335603	1.06209
675	2.89733	2.74049	0.337628	1.06354
676	2.90002	2.74083	0.337431	1.06379
677	2.90252	2.74458	0.340622	1.06682
678	2.90128	2.7492	0.338368	1.06394
679	2.90215	2.75043	0.338795	1.06407
680	2.90405	2.74879	0.337526	1.06328
681	2.90427	2.75053	0.337685	1.06315
682	2.90243	2.74888	0.338366	1.06461
683	2.9018	2.74734	0.33866	1.06536
684	2.90307	2.74746	0.338663	1.06539
685	2.90198	2.75053	0.337251	1.06357
686	2.90481	2.75149	0.338149	1.06442
687	2.90512	2.74853	0.337827	1.06467
688	2.90618	2.75286	0.339603	1.06618
689	2.90377	2.74804	0.343265	1.07141
690	2.90324	2.74608	0.343661	1.07251
691	2.90326	2.74648	0.343663	1.07236
692	2.90208	2.74947	0.342292	1.07006
693	2.90112	2.75364	0.340682	1.06755
694	2.90374	2.75443	0.341317	1.06811
695	2.90925	2.75409	0.339516	1.06748
696	2.90821	2.7494	0.341157	1.07008
697	2.90838	2.74716	0.341015	1.07054
698	2.90708	2.74635	0.341316	1.07116
699	2.90378	2.74726	0.339416	1.06976
700	2.90603	2.75056	0.342038	1.07187
701	2.90612	2.74834	0.34196	1.07254
702	2.90652	2.74536	0.341488	1.07311
703	2.90774	2.74081	0.339208	1.07244
704	2.90765	2.74022	0.339235	1.07265
705	2.9102	2.74376	0.342118	1.07534
706	2.90899	2.74126	0.34328	1.07733
707	2.9096	2.74473	0.343966	1.07706
708	2.91108	2.7436	0.342996	1.07686
709	2.9168	2.74427	0.342174	1.07813
710	2.91501	2.74549	0.341316	1.07697
711	2.91552	2.74723	0.341601	1.07685
712	2.91448	2.74658	0.341837	1.0773
713	2.91732	2.7459	0.340412	1.07677
714	2.91933	2.75088	0.343984	1.0803
715	2.91998	2.75632	0.345308	1.08125
716	2.92378	2.75976	0.349737	1.08577
717	2.92212	2.75977	0.349615	1.08576
718	2.91945	2.76297	0.345931	1.08163
719	2.9197	2.76024	0.345684	1.08226
720	2.91443	2.76243	0.338749	1.07729
721	2.91625	2.76566	0.341279	1.07895
722	2.91824	2.76876	0.34392	1.08074
723	2.91459	2.76964	0.340846	1.07926
724	2.91153	2.76571	0.343695	1.08515
725	2.91503	2.76072	0.336917	1.08093
726	2.91479	2.76051	0.336872	1.08103
727	2.91817	2.75909	0.335185	1.07974
728	2.92259	2.75359	0.325806	1.0719
729	2.92202	2.75078	0.326203	1.07274
730	2.91867	2.75038	0.324848	1.07328
731	2.91804	2.74648	0.325555	1.07481
732	2.92053	2.74209	0.321585	1.07144
733	2.91576	2.74427	0.314556	1.06735
734	2.91379	2.74153	0.315432	1.06965
735	2.91529	2.73929	0.314572	1.06876
736	2.9176	2.73889	0.314724	1.06846
737	2.91688	2.73492	0.315522	1.06979
738	2.91846	2.74089	0.319501	1.07402
739	2.91759	2.73954	0.319648	1.07473
740	2.91605	2.73703	0.320527	1.07672
741	2.91422	2.73493	0.321343	1.07877
742	2.91686	2.73499	0.321406	1.07881
743	2.91832	2.73238	0.320029	1.07814
744	2.92222	2.73703	0.32695	1.08468
745	2.92238	2.73824	0.327032	1.08436
746	2.92496	2.73902	0.327624	1.08488
747	2.92181	2.74112	0.324117	1.08179
748	2.91801	2.73886	0.325465	1.08569
749	2.91895	2.73645	0.324663	1.08586
750	2.91977	2.73899	0.32551	1.08573
751	2.92009	2.74039	0.325717	1.08537
752	2.92298	2.7451	0.33103	1.08963
753	2.92565	2.74656	0.33242	1.09056
754	2.92799	2.74759	0.333254	1.0911
755	2.92711	2.74838	0.332862	1.09054
756	2.92623	2.75092	0.331859	1.08886
757	2.92626	2.75013	0.331855	1.08914
758	2.92659	2.74509	0.331255	1.09015
759	2.92681	2.74344	0.331135	1.09066
760	2.92611	2.74193	0.331459	1.09166
761	2.92773	2.74357	0.332387	1.09204
762	2.92479	2.74583	0.329091	1.08868
763	2.92529	2.74421	0.328837	1.089
764	2.92668	2.74405	0.328805	1.08898
765	2.92658	2.7474	0.328659	1.08794
766	2.92555	2.73963	0.331427	1.09243
767	2.92706	2.73987	0.331432	1.09246
768	2.93058	2.7366	0.326302	1.08941
769	2.93036	2.73616	0.326326	1.08959
770	2.93779	2.73719	0.327682	1.0923
771	2.94104	2.73171	0.320273	1.08656
772	2.94487	2.7335	0.322516	1.08913
773	2.93985	2.73136	0.324323	1.09336
774	2.94093	2.73404	0.325355	1.09396
775	2.94138	2.73471	0.325457	1.09392
776	2.94798	2.73461	0.323602	1.09368
777	2.95038	2.73385	0.322653	1.09308
778	2.95435	2.73521	0.324188	1.09512
779	2.95625	2.73463	0.323578	1.09473
780	2.95688	2.73132	0.322751	1.09396
781	2.95803	2.73421	0.323949	1.09545
782	2.95689	2.73543	0.323344	1.09492
783	2.95752	2.73279	0.322696	1.09432
784	2.95731	2.72887	0.323003	1.0945
785	2.95227	2.72612	0.326609	1.09972
786	2.95121	2.73005	0.325112	1.09773
787	2.95797	2.72939	0.321201	1.09608
788	2.95938	2.725	0.318669	1.09364
789	2.95985	2.72735	0.319063	1.09427
790	2.95701	2.72725	0.318685	1.09437
791	2.95653	2.73046	0.318084	1.09397
792	2.95598	2.72625	0.318923	1.09471
793	2.95773	2.72374	0.317015	1.09308
794	2.95284	2.72301	0.316681	1.09441
795	2.95572	2.72247	0.315577	1.09385
796	2.96016	2.72393	0.317232	1.09641
797	2.96321	2.72378	0.316491	1.09624
798	2.96321	2.72472	0.31649	1.0963
799	2.96391	2.72653	0.316942	1.09693
800	2.96509	2.7251	0.316208	1.09621
801	2.96554	2.73161	0.317336	1.09953
802	2.96277	2.72804	0.320399	1.10313
803	2.96282	2.72793	0.320394	1.10314
804	2.96718	2.72691	0.317652	1.10151
805	2.96724	2.72802	0.317676	1.10156
806	2.96359	2.73045	0.313394	1.09827
807	2.96903	2.72921	0.310347	1.09562
808	2.96906	2.73227	0.31039	1.09634
809	2.96762	2.7344	0.308792	1.09554
810	2.9692	2.73509	0.309522	1.09606
811	2.96952	2.73434	0.309508	1.09586
812	2.96661	2.73409	0.308494	1.0961
813	2.96581	2.73783	0.307065	1.09571
814	2.96314	2.73557	0.307915	1.09778
815	2.96496	2.73562	0.308364	1.09782
816	2.96498	2.73398	0.308358	1.09774
817	2.96837	2.73039	0.304045	1.09281
818	2.9624	2.72992	0.300542	1.09379
819	2.9614	2.72695	0.301235	1.09462
820	2.9572	2.72519	0.301366	1.09732
821	2.95951	2.72086	0.297929	1.09357
822	2.96096	2.71325	0.294035	1.08759
823	2.96248	2.71616	0.296032	1.09
824	2.96047	2.71369	0.297131	1.09144
825	2.96228	2.71374	0.297358	1.09148
826	2.96046	2.71285	0.297407	1.09198
827	2.95673	2.7128	0.295782	1.09205
828	2.95362	2.70905	0.298775	1.09614
829	2.95521	2.70912	0.298856	1.09617
830	2.95398	2.70678	0.299713	1.09739
831	2.94916	2.71093	0.290062	1.08953
832	2.94621	2.70777	0.291961	1.09304
833	2.9497	2.70812	0.292688	1.09346
834	2.95045	2.70287	0.291323	1.09194
835	2.95234	2.70144	0.290406	1.09097
836	2.95117	2.69499	0.292972	1.09276
837	2.94853	2.69843	0.288969	1.08917
838	2.94947	2.6991	0.289308	1.08939
839	2.95338	2.70027	0.290986	1.09115
840	2.95211	2.6961	0.292713	1.09283
841	2.95277	2.69505	0.292447	1.09261
842	2.95598	2.69117	0.287188	1.08772
843	2.95615	2.69056	0.287158	1.08761
844	2.95275	2.69027	0.286468	1.08795
845	2.95693	2.68619	0.27932	1.08086
846	2.95865	2.68714	0.280031	1.08173
847	2.96049	2.68398	0.27787	1.07848
848	2.95799	2.68312	0.277914	1.07898
849	2.96143	2.68065	0.274452	1.07484
850	2.95789	2.68087	0.272711	1.07465
851	2.95534	2.67946	0.273102	1.07541
852	2.95735	2.68305	0.276027	1.07956
853	2.95807	2.68544	0.276772	1.08094
854	2.95727	2.68682	0.276159	1.0809
855	2.95677	2.67975	0.277363	1.07864
856	2.96243	2.68173	0.280977	1.08365
857	2.96504	2.6848	0.283844	1.08774
858	2.96589	2.68385	0.283503	1.08718
859	2.96562	2.68546	0.283333	1.08745
860	2.96479	2.68853	0.282288	1.08734
861	2.96259	2.68688	0.283106	1.08827
862	2.96824	2.68266	0.272883	1.0779
863	2.96322	2.68662	0.262486	1.07238
864	2.96115	2.68368	0.263514	1.07298
865	2.95954	2.68058	0.264562	1.07317
866	2.95617	2.67587	0.268501	1.07639
867	2.95463	2.67324	0.269551	1.07687
868	2.95399	2.67577	0.268807	1.07703
869	2.95279	2.67589	0.268411	1.07701
870	2.95199	2.67591	0.268189	1.07701
871	2.953	2.67544	0.26817	1.0767
872	2.95705	2.6725	0.263592	1.07111
873	2.95232	2.67466	0.256778	1.06821
874	2.94794	2.67413	0.254219	1.06885
875	2.94879	2.67211	0.25393	1.06737
876	2.94617	2.67216	0.252158	1.06734
877	2.94553	2.66995	0.252344	1.06695
878	2.94371	2.66899	0.251912	1.06724
879	2.94781	2.67042	0.255217	1.06998
880	2.94371	2.66592	0.259084	1.07475
881	2.94239	2.66492	0.259096	1.07504
882	2.94013	2.65938	0.262818	1.07774
883	2.94116	2.65773	0.262214	1.0769
884	2.94286	2.65757	0.262087	1.07678
885	2.93894	2.658	0.259836	1.0762
886	2.93971	2.65858	0.260086	1.07642
887	2.9427	2.66016	0.261849	1.07838
888	2.93739	2.65997	0.259069	1.07874
889	2.93728	2.65395	0.259305	1.07749
890	2.93679	2.65224	0.259551	1.07765
891	2.94255	2.65254	0.259015	1.07834
892	2.94057	2.6513	0.259495	1.0791
893	2.93845	2.65322	0.257503	1.07764
894	2.9403	2.65354	0.25775	1.07789
895	2.93711	2.6513	0.259221	1.08027
896	2.93664	2.65571	0.258392	1.07941
897	2.93731	2.65555	0.258422	1.07937
898	2.93954	2.65859	0.261059	1.08196
899	2.94152	2.65526	0.25856	1.07918
900	2.94495	2.65407	0.25675	1.0775
901	2.94534	2.65111	0.256351	1.07632
902	2.94381	2.64976	0.256807	1.0768
903	2.94532	2.64988	0.256843	1.07689
904	2.94372	2.6455	0.25918	1.07805
905	2.94744	2.64775	0.261508	1.08153
906	2.94535	2.64488	0.263559	1.08318
907	2.94609	2.64537	0.263557	1.08334
908	2.94482	2.64583	0.263385	1.08314
909	2.94512	2.64751	0.263533	1.08338
910	2.94179	2.64215	0.269646	1.08865
911	2.94401	2.64668	0.272583	1.09204
912	2.9438	2.64679	0.272631	1.09202
913	2.94209	2.64379	0.274834	1.09409
914	2.94623	2.64651	0.276741	1.09783
915	2.94763	2.65263	0.279412	1.10006
916	2.94948	2.65526	0.28044	1.10123
917	2.94831	2.65174	0.282279	1.10326
918	2.9466	2.65291	0.282019	1.10213
919	2.94477	2.65153	0.283439	1.10346
920	2.94527	2.65562	0.283988	1.10275
921	2.94407	2.65793	0.283295	1.10087
922	2.94062	2.65261	0.290338	1.10841
923	2.9396	2.65108	0.291408	1.10974
924	2.94083	2.65324	0.291604	1.1095
925	2.94305	2.65612	0.292519	1.11036
926	2.94721	2.66065	0.296743	1.11541
927	2.94402	2.66238	0.295687	1.11232
928	2.94708	2.66089	0.291824	1.11136
929	2.94423	2.66278	0.290486	1.10835
930	2.94145	2.66401	0.289716	1.10646
931	2.94608	2.67105	0.299946	1.11697
932	2.94854	2.66894	0.296433	1.11621
933	2.95213	2.66782	0.292602	1.11528
934	2.95058	2.66674	0.293666	1.11642
935	2.95382	2.6689	0.294451	1.11795
936	2.95539	2.67557	0.297742	1.11935
937	2.96004	2.68117	0.305371	1.12725
938	2.9593	2.67975	0.306071	1.12849
939	2.96129	2.68361	0.307867	1.1291
940	2.96606	2.68317	0.303762	1.12856
941	2.96729	2.68304	0.30311	1.12857
942	2.97348	2.68802	0.311802	1.13876
943	2.97549	2.68995	0.312072	1.13905
944	2.97417	2.69302	0.31106	1.13566
945	2.97269	2.69182	0.312229	1.13701
946	2.97519	2.69939	0.318355	1.14185
947	2.97692	2.7014	0.318739	1.14187
948	2.97448	2.69989	0.32087	1.14425
949	2.97413	2.6969	0.321448	1.14674
950	2.97527	2.70023	0.322206	1.14572
951	2.97781	2.7025	0.322799	1.14631
952	2.98049	2.7039	0.322553	1.14677
953	2.97868	2.70744	0.320803	1.14202
954	2.98199	2.70571	0.316735	1.14087
955	2.98372	2.71021	0.319046	1.14192
956	2.98588	2.71379	0.321168	1.14328
957	2.9859	2.71076	0.321142	1.14483
958	2.98724	2.71559	0.323107	1.14525
959	2.98796	2.71218	0.321881	1.14611
960	2.98919	2.7145	0.32247	1.146
961	2.99328	2.71601	0.322909	1.14765
962	2.99752	2.71739	0.323209	1.14929
963	2.99998	2.71575	0.320554	1.14851
964	3.00434	2.71527	0.317766	1.14789
965	3.00151	2.71324	0.320287	1.15078
966	3.00213	2.71077	0.319455	1.15127
967	3.00689	2.71296	0.321259	1.15453
968	3.00466	2.71129	0.32328	1.15669
969	3.00368	2.70682	0.325357	1.16041
970	3.00642	2.7105	0.327595	1.1625
971	3.01135	2.71432	0.332007	1.16821
972	3.01342	2.72095	0.336206	1.17137
973	3.01793	2.72243	0.335853	1.17309
974	3.02204	2.71964	0.328607	1.17038
975	3.02436	2.72069	0.328355	1.17082
976	3.02569	2.7228	0.328825	1.17099
977	3.02631	2.72381	0.328798	1.17077
978	3.02264	2.72542	0.327304	1.16778
979	3.02203	2.72881	0.326685	1.16573
980	3.02359	2.73016	0.327012	1.16603
981	3.02473	2.7337	0.328291	1.16663
982	3.0264	2.73275	0.327179	1.16639
983	3.03027	2.73305	0.326462	1.16675
984	3.03166	2.7354	0.327412	1.16748
985	3.03192	2.73647	0.327468	1.16729
986	3.03205	2.73475	0.327354	1.16773
987	3.03178	2.73338	0.32755	1.1683
988	3.03212	2.73313	0.327432	1.16835
989	3.03522	2.73266	0.325902	1.16793
990	3.03352	2.73117	0.327139	1.16932
991	3.03878	2.73093	0.324925	1.1689
992	3.03703	2.72959	0.326119	1.17013
993	3.04088	2.72861	0.323281	1.16891
994	3.04003	2.73341	0.321836	1.16724
995	3.04093	2.72838	0.319913	1.16617
996	3.0419	2.73234	0.321265	1.16775
997	3.04467	2.73494	0.323674	1.1705
998	3.04622	2.73207	0.321611	1.16924
999	3.04769	2.73785	0.324811	1.17375
1000	3.04926	2.73837	0.324877	1.17399
1001	3.04944	2.73863	0.324872	1.17397
1002	3.05171	2.73823	0.324129	1.17367
1003	3.05662	2.73988	0.326854	1.17691
1004	3.05736	2.73976	0.326694	1.17689
1005	3.055	2.73929	0.327281	1.17737
1006	3.06076	2.74064	0.329671	1.18046
1007	3.06318	2.74373	0.332207	1.18362
1008	3.06179	2.74693	0.330655	1.18183
1009	3.06601	2.74552	0.327647	1.17962
1010	3.0629	2.74676	0.326066	1.17814
1011	3.06485	2.74643	0.325696	1.17789
1012	3.0663	2.74889	0.327081	1.17964
1013	3.06412	2.74775	0.327955	1.18063
1014	3.06904	2.75072	0.334024	1.18707
1015	3.06694	2.74847	0.336022	1.1892
1016	3.06779	2.74849	0.335839	1.1892
1017	3.06952	2.74834	0.335344	1.18912
1018	3.07097	2.74659	0.334003	1.18838
1019	3.06902	2.74685	0.334082	1.18816
1020	3.06947	2.74688	0.333996	1.18816
1021	3.07422	2.74753	0.334456	1.18938
1022	3.07315	2.75322	0.332162	1.1884
1023	3.07359	2.75399	0.332269	1.18852
1024	3.07675	2.75291	0.330688	1.18721
1025	3.08152	2.74751	0.320101	1.17695
1026	3.07661	2.74545	0.322682	1.18032
1027	3.07293	2.74115	0.328309	1.18581
1028	3.07333	2.7418	0.328341	1.18592
1029	3.07427	2.74407	0.329041	1.18696
1030	3.07586	2.74064	0.326604	1.18494
1031	3.07897	2.73899	0.324003	1.18284
1032	3.07275	2.74535	0.30771	1.16988
1033	3.06979	2.74403	0.308043	1.17104
1034	3.07215	2.74335	0.307998	1.17025
1035	3.07504	2.74506	0.310772	1.17288
1036	3.07433	2.74419	0.310836	1.17289
1037	3.07525	2.74191	0.31019	1.17151
1038	3.07129	2.74298	0.307188	1.1702
1039	3.0703	2.74355	0.306664	1.17014
1040	3.06552	2.73503	0.319808	1.18228
1041	3.0652	2.7345	0.319902	1.18238
1042	3.06658	2.7318	0.318241	1.18116
1043	3.06923	2.72888	0.314747	1.17823
1044	3.0697	2.72746	0.314433	1.17789
1045	3.06788	2.7309	0.312046	1.17606
1046	3.06778	2.73431	0.311906	1.17667
1047	3.071	2.72997	0.306363	1.17082
1048	3.07367	2.72689	0.303228	1.16686
1049	3.07531	2.72646	0.303069	1.16642
1050	3.0758	2.72078	0.302011	1.16277
1051	3.07715	2.72171	0.302525	1.16374
1052	3.07104	2.72103	0.30222	1.16503
1053	3.06689	2.72117	0.301174	1.16485
1054	3.0687	2.71684	0.298121	1.16042
1055	3.07099	2.71388	0.295453	1.15654
1056	3.07068	2.71148	0.295729	1.15558
1057	3.0685	2.71391	0.29347	1.15491
1058	3.06584	2.71421	0.292654	1.15475
1059	3.06063	2.71268	0.293814	1.15711
1060	3.05774	2.70882	0.297541	1.15994
1061	3.05812	2.70587	0.297075	1.15874
1062	3.05861	2.70729	0.297296	1.15943
1063	3.05941	2.70851	0.297606	1.16017
1064	3.05959	2.71226	0.297868	1.16184
1065	3.0635	2.70933	0.293047	1.15661
1066	3.06139	2.71132	0.291175	1.15583
1067	3.0604	2.7134	0.290225	1.1559
1068	3.0571	2.71337	0.289289	1.15593
1069	3.04952	2.71278	0.286242	1.15746
1070	3.04892	2.71358	0.285895	1.15741
1071	3.04996	2.71401	0.286316	1.15766
1072	3.04824	2.71399	0.285769	1.15767
1073	3.04559	2.71349	0.285259	1.15811
1074	3.04771	2.71484	0.286893	1.15941
1075	3.04913	2.71836	0.289233	1.16214
1076	3.05075	2.71156	0.285311	1.15663
1077	3.04867	2.71068	0.285347	1.15717
1078	3.04846	2.71503	0.284934	1.15806
1079	3.04659	2.71294	0.285737	1.15928
1080	3.04342	2.7135	0.283781	1.15864
1081	3.0475	2.71541	0.287986	1.16196
1082	3.04809	2.70984	0.286849	1.16001
1083	3.04714	2.70445	0.28861	1.16102
1084	3.04788	2.70497	0.288794	1.1612
1085	3.04733	2.70596	0.288534	1.16106
1086	3.04614	2.7065	0.288122	1.16084
1087	3.04962	2.70519	0.286458	1.15899
1088	3.04716	2.70725	0.283944	1.15734
1089	3.04604	2.70494	0.28467	1.15802
1090	3.04432	2.70875	0.281716	1.15613
1091	3.03772	2.71323	0.266065	1.14557
1092	3.03665	2.71215	0.265756	1.14578
1093	3.03451	2.70716	0.268232	1.14853
1094	3.03191	2.70845	0.265233	1.14738
1095	3.03355	2.709	0.266524	1.14779
1096	3.03172	2.70485	0.268192	1.15004
1097	3.03111	2.70207	0.268526	1.15054
1098	3.0259	2.70006	0.268538	1.1545
1099	3.0263	2.6958	0.268039	1.15419
1100	3.02344	2.6851	0.278124	1.1624
1101	3.02285	2.6869	0.277686	1.16138
1102	3.02125	2.68513	0.278573	1.16303
1103	3.02415	2.6912	0.285466	1.16886
1104	3.02204	2.69079	0.285668	1.16939
1105	3.02458	2.69148	0.286024	1.16973
1106	3.0218	2.69332	0.283795	1.1669
1107	3.02376	2.69205	0.282739	1.16651
1108	3.02229	2.69349	0.281775	1.16509
1109	3.02695	2.69353	0.281681	1.16515
1110	3.03015	2.69157	0.279116	1.16335
1111	3.02363	2.68982	0.280133	1.16811
1112	3.01366	2.67915	0.311415	1.20782
1113	3.01805	2.67917	0.307689	1.20783
1114	3.02307	2.68007	0.305566	1.20842
1115	3.02835	2.68296	0.307955	1.21099
1116	3.03272	2.68324	0.305255	1.21113
1117	3.03474	2.68719	0.30715	1.20995
1118	3.03916	2.68921	0.307921	1.21131
1119	3.03799	2.69433	0.306142	1.20402
1120	3.04132	2.69464	0.304867	1.20413
1121	3.04144	2.68962	0.304594	1.20793
1122	3.04105	2.6912	0.304533	1.20617
1123	3.04318	2.69243	0.304489	1.20606
1124	3.04162	2.69136	0.305707	1.20767
1125	3.04084	2.69024	0.306388	1.20908
1126	3.04386	2.69018	0.304577	1.20907
1127	3.04537	2.69363	0.305881	1.20807
1128	3.04775	2.69292	0.304006	1.20806
1129	3.04428	2.69533	0.301679	1.20275
1130	3.0458	2.69659	0.301864	1.20249
1131	3.04345	2.69635	0.302591	1.2029
1132	3.04645	2.69906	0.30468	1.20403
1133	3.04877	2.70041	0.305015	1.2042
1134	3.04949	2.7039	0.305766	1.20274
1135	3.05071	2.70299	0.304932	1.20298
1136	3.05153	2.70768	0.306226	1.20179
1137	3.05731	2.70859	0.306863	1.20331
1138	3.05647	2.71057	0.306391	1.20147
1139	3.05986	2.71322	0.309225	1.2037
1140	3.05988	2.71421	0.309229	1.20314
1141	3.05925	2.71685	0.308683	1.20109
1142	3.05502	2.71819	0.306351	1.19817
1143	3.05468	2.71613	0.306653	1.19961
1144	3.05385	2.71343	0.307602	1.20207
1145	3.05754	2.71683	0.311941	1.20532
1146	3.05943	2.71634	0.311088	1.20528
1147	3.06153	2.71661	0.31079	1.20534
1148	3.06339	2.72214	0.314595	1.20762
1149	3.06335	2.72006	0.314633	1.20894
1150	3.06753	2.71643	0.307429	1.20527
1151	3.07177	2.71748	0.308567	1.20658
1152	3.07469	2.71716	0.307646	1.20635
1153	3.07503	2.71849	0.307774	1.20602
1154	3.07732	2.72205	0.310789	1.2084
1155	3.0809	2.71884	0.305613	1.20519
1156	3.08493	2.72055	0.30815	1.20761
1157	3.08451	2.71904	0.308445	1.20829
1158	3.08683	2.71906	0.308101	1.2083
1159	3.08837	2.71883	0.307731	1.20822
1160	3.0901	2.72236	0.309999	1.21039
1161	3.09374	2.72265	0.310025	1.21076
1162	3.09455	2.72361	0.310235	1.21091
1163	3.09563	2.72582	0.311081	1.21164
1164	3.09327	2.72675	0.310291	1.21062
1165	3.09206	2.72584	0.310766	1.21124
1166	3.0928	2.7226	0.309746	1.21107
1167	3.09399	2.72462	0.310578	1.21174
1168	3.09355	2.72474	0.310597	1.21169
1169	3.08663	2.72847	0.299221	1.20109
1170	3.08469	2.72558	0.300936	1.20363
1171	3.08559	2.72544	0.300978	1.20361
1172	3.08884	2.72464	0.300262	1.20272
1173	3.09009	2.72191	0.299024	1.20171
1174	3.08906	2.72076	0.299374	1.20227
1175	3.09144	2.7194	0.298187	1.20113
1176	3.09333	2.72142	0.299852	1.20273
1177	3.09438	2.71948	0.299097	1.20203
1178	3.09681	2.71612	0.295901	1.19885
1179	3.09935	2.71764	0.297627	1.20063
1180	3.10267	2.71621	0.295864	1.19861
1181	3.10067	2.7144	0.297083	1.19971
1182	3.10003	2.7121	0.297653	1.2
1183	3.0945	2.71018	0.30081	1.20391
1184	3.09186	2.71184	0.299251	1.20214
1185	3.08848	2.70967	0.301979	1.20513
1186	3.08897	2.71399	0.302752	1.20592
1187	3.08724	2.71483	0.302289	1.2052
1188	3.08926	2.71481	0.302063	1.20519
1189	3.0883	2.71586	0.301722	1.20464
1190	3.0942	2.71516	0.300045	1.20306
1191	3.09262	2.71971	0.297159	1.20074
1192	3.09241	2.71741	0.297329	1.20099
1193	3.09428	2.71933	0.298875	1.20252
1194	3.09636	2.71859	0.298335	1.20193
1195	3.0946	2.71895	0.297932	1.20169
1196	3.09461	2.71538	0.297924	1.20168
1197	3.09544	2.71321	0.297205	1.201
1198	3.0956	2.71016	0.297015	1.20074
1199	3.0988	2.70681	0.292478	1.19638
1200	3.10062	2.70298	0.28964	1.19294
1201	3.10031	2.70228	0.289733	1.19284
1202	3.10145	2.70177	0.289436	1.19248
1203	3.0973	2.703	0.287073	1.19083
1204	3.0965	2.70511	0.286369	1.19078
1205	3.09531	2.69891	0.289106	1.19148
1206	3.09557	2.69633	0.288824	1.19067
1207	3.09823	2.69511	0.287163	1.1891
1208	3.0984	2.69894	0.287412	1.19092
1209	3.09569	2.69685	0.289534	1.19257
1210	3.09501	2.70029	0.288674	1.19258
1211	3.09447	2.69921	0.288926	1.19262
1212	3.10081	2.69999	0.291176	1.19482
1213	3.09648	2.70163	0.288253	1.19243
1214	3.09527	2.70034	0.288855	1.19278
1215	3.09522	2.70031	0.288858	1.19278
1216	3.0954	2.69822	0.2887	1.19226
1217	3.09601	2.70276	0.289767	1.19494
1218	3.09744	2.70229	0.289428	1.1946
1219	3.09502	2.70267	0.288991	1.1943
1220	3.09661	2.69825	0.286152	1.19073
1221	3.09882	2.69823	0.286029	1.19071
1222	3.09288	2.69692	0.287745	1.19337
1223	3.09428	2.69348	0.285692	1.19095
1224	3.09356	2.69063	0.286553	1.19113
1225	3.09036	2.68938	0.288277	1.19246
1226	3.09533	2.68719	0.282865	1.18789
1227	3.10007	2.68769	0.283263	1.18898
1228	3.09793	2.68983	0.281649	1.18792
1229	3.1006	2.69227	0.28409	1.19148
1230	3.10067	2.69457	0.284145	1.1923
1231	3.10076	2.69507	0.284158	1.19246
1232	3.10132	2.69653	0.284458	1.19322
1233	3.10357	2.69544	0.283376	1.19196
1234	3.10156	2.69313	0.285142	1.193
1235	3.09786	2.68595	0.295221	1.1999
1236	3.10111	2.68726	0.295612	1.20175
1237	3.09703	2.692	0.289123	1.19502
1238	3.0954	2.6977	0.285641	1.19326
1239	3.09258	2.69456	0.288919	1.19609
1240	3.09128	2.69686	0.287877	1.19514
1241	3.08557	2.69271	0.295997	1.20374
1242	3.084	2.69522	0.294861	1.20179
1243	3.08434	2.69408	0.294625	1.20185
1244	3.08466	2.69482	0.294634	1.20182
1245	3.08839	2.69645	0.296158	1.20406
1246	3.09331	2.69691	0.295923	1.2049
1247	3.08892	2.70255	0.286614	1.19547
1248	3.0912	2.7068	0.290661	1.20021
1249	3.09269	2.70886	0.291913	1.20149
1250	3.09512	2.70923	0.292304	1.20184
1251	3.0956	2.70979	0.29242	1.20195
1252	3.09744	2.70456	0.288634	1.1979
1253	3.10222	2.70424	0.288261	1.19724
1254	3.10042	2.70344	0.288724	1.19765
1255	3.09908	2.70308	0.28888	1.19778
1256	3.0989	2.70706	0.288594	1.19856
1257	3.0992	2.7053	0.288403	1.19815
1258	3.09883	2.705	0.288433	1.19815
1259	3.09441	2.7049	0.287817	1.19831
1260	3.09215	2.70615	0.28647	1.19728
1261	3.0938	2.70345	0.284816	1.19541
1262	3.09383	2.70412	0.284828	1.1955
1263	3.0932	2.69926	0.285952	1.1959
1264	3.0876	2.69992	0.283282	1.19451
1265	3.08914	2.70003	0.28341	1.19458
1266	3.08777	2.70245	0.281975	1.19348
1267	3.08719	2.70037	0.282366	1.19385
1268	3.08671	2.69879	0.282618	1.1941
1269	3.08782	2.6965	0.281651	1.19305
1270	3.08564	2.69448	0.283136	1.19464
1271	3.08549	2.69828	0.282905	1.19472
1272	3.086	2.69905	0.283079	1.19487
1273	3.08522	2.69729	0.283562	1.19542
1274	3.08332	2.69521	0.284968	1.19702
1275	3.08162	2.69996	0.281751	1.19395
1276	3.07891	2.70414	0.276789	1.18962
1277	3.08177	2.70776	0.281745	1.19422
1278	3.07994	2.70557	0.282808	1.19591
1279	3.08158	2.70525	0.282828	1.19574
1280	3.08504	2.70487	0.282764	1.19524
1281	3.08644	2.70551	0.28331	1.19559
1282	3.08849	2.7096	0.287032	1.19956
1283	3.09009	2.70891	0.286775	1.19916
1284	3.08921	2.71059	0.286055	1.19858
1285	3.09	2.70913	0.285724	1.19818
1286	3.08853	2.7086	0.285751	1.19849
1287	3.08727	2.71039	0.284638	1.19759
1288	3.087	2.71191	0.284416	1.19741
1289	3.08669	2.70943	0.28465	1.19782
1290	3.0882	2.7124	0.286732	1.19975
1291	3.08614	2.70987	0.288259	1.20195
1292	3.08489	2.71294	0.286552	1.20022
1293	3.08287	2.71103	0.287535	1.20199
1294	3.08298	2.71381	0.287679	1.20178
1295	3.08657	2.7136	0.288037	1.20152
1296	3.08424	2.71242	0.288536	1.20277
1297	3.08141	2.71123	0.289152	1.20432
1298	3.08133	2.70925	0.289204	1.20492
1299	3.07592	2.70916	0.287613	1.20514
1300	3.07483	2.70592	0.288817	1.20767
1301	3.07572	2.70599	0.288874	1.20766
1302	3.07895	2.7071	0.290428	1.20866
1303	3.08286	2.70897	0.29355	1.21099
1304	3.08225	2.71089	0.293073	1.20987
1305	3.08012	2.71195	0.291963	1.2086
1306	3.07701	2.71208	0.291225	1.2084
1307	3.07696	2.71131	0.291235	1.20874
1308	3.08422	2.71237	0.295949	1.2115
1309	3.08343	2.70734	0.297476	1.21461
1310	3.08253	2.70721	0.297595	1.21471
1311	3.08442	2.70678	0.297016	1.21458
1312	3.08703	2.70698	0.2969	1.21471
1313	3.08886	2.70445	0.294828	1.21387
1314	3.08751	2.70386	0.29523	1.21438
1315	3.08787	2.70631	0.295539	1.21395
1316	3.09301	2.70551	0.293548	1.21258
1317	3.09397	2.7071	0.294096	1.21285
1318	3.09192	2.70779	0.29353	1.21213
1319	3.09299	2.71013	0.294506	1.21268
1320	3.0945	2.71037	0.294616	1.21277
1321	3.09357	2.71255	0.293794	1.21157
1322	3.0917	2.71055	0.295088	1.21349
1323	3.09482	2.71131	0.296004	1.21425
1324	3.09561	2.71274	0.29644	1.21439
1325	3.0996	2.71212	0.295452	1.21354
1326	3.09873	2.7123	0.295377	1.21345
1327	3.09445	2.7107	0.297398	1.21642
1328	3.09362	2.71267	0.296781	1.21526
1329	3.08924	2.71501	0.292181	1.21064
1330	3.08802	2.71471	0.292147	1.21087
1331	3.0885	2.7123	0.291744	1.21114
1332	3.0891	2.71593	0.292684	1.21142
1333	3.08885	2.71973	0.292274	1.21046
1334	3.09046	2.71277	0.288133	1.20727
1335	3.0922	2.71019	0.286586	1.20597
1336	3.09323	2.71028	0.286768	1.206
1337	3.0981	2.70937	0.285835	1.20433
1338	3.09973	2.71325	0.288678	1.20748
1339	3.1015	2.71591	0.29087	1.20953
1340	3.09947	2.71626	0.29019	1.20923
1341	3.0978	2.71134	0.293038	1.2126
1342	3.09814	2.71016	0.29289	1.21266
1343	3.10265	2.7129	0.298395	1.2176
1344	3.10832	2.71253	0.297771	1.21682
1345	3.10751	2.71459	0.297131	1.21608
1346	3.11026	2.71323	0.295631	1.21471
1347	3.10858	2.71275	0.295881	1.21504
1348	3.10917	2.71356	0.296071	1.21521
1349	3.10981	2.71348	0.296051	1.21519
1350	3.11287	2.71456	0.29749	1.21654
1351	3.11508	2.71146	0.294723	1.21388
1352	3.11652	2.71049	0.294151	1.21325
1353	3.11806	2.71066	0.294248	1.21338
1354	3.11532	2.70741	0.297589	1.21641
1355	3.11765	2.70816	0.298036	1.21716
1356	3.11844	2.70768	0.297783	1.21698
1357	3.12008	2.70178	0.293736	1.2124
1358	3.12046	2.70074	0.293523	1.21206
1359	3.11843	2.70399	0.291122	1.21032
1360	3.11864	2.70411	0.291121	1.21035
1361	3.11938	2.69984	0.289826	1.20814
1362	3.11887	2.69823	0.290195	1.20806
1363	3.11702	2.6977	0.290755	1.20832
1364	3.11187	2.69812	0.289823	1.20757
1365	3.11306	2.70121	0.291186	1.20981
1366	3.11255	2.70049	0.291375	1.20987
1367	3.10962	2.70265	0.288993	1.20767
1368	3.1075	2.70284	0.288797	1.20753
1369	3.10346	2.70384	0.286809	1.20603
1370	3.10504	2.70308	0.286372	1.20552
1371	3.10547	2.70459	0.286649	1.20595
1372	3.1069	2.70777	0.288584	1.20839
1373	3.10679	2.70785	0.288573	1.20839
1374	3.10502	2.70429	0.290848	1.2106
1375	3.10676	2.7002	0.287939	1.20779
1376	3.10721	2.69921	0.287741	1.20756
1377	3.10991	2.69418	0.28216	1.20159
1378	3.11238	2.69495	0.282866	1.20254
1379	3.11386	2.69102	0.280491	1.19912
1380	3.11483	2.69582	0.282362	1.20352
1381	3.11371	2.69472	0.282834	1.20371
1382	3.10879	2.70282	0.266455	1.19258
1383	3.10567	2.70214	0.2657	1.19314
1384	3.10569	2.70146	0.265702	1.19291
1385	3.10408	2.70555	0.262333	1.19216
1386	3.10134	2.70685	0.259217	1.1912
1387	3.10117	2.70499	0.259233	1.19076
1388	3.10049	2.70712	0.258226	1.19095
1389	3.09912	2.69825	0.261973	1.19084
1390	3.10071	2.69402	0.259996	1.18686
1391	3.10215	2.69427	0.260727	1.1871
1392	3.10013	2.6928	0.260963	1.18767
1393	3.09799	2.69196	0.260725	1.18808
1394	3.10068	2.69488	0.264938	1.19242
1395	3.10044	2.69393	0.264947	1.19226
1396	3.09939	2.69611	0.263674	1.19201
1397	3.10064	2.69865	0.265423	1.1941
1398	3.1012	2.69665	0.26519	1.19318
1399	3.10468	2.69404	0.262762	1.18886
1400	3.10078	2.69309	0.262294	1.18992
1401	3.10068	2.69205	0.262299	1.18963
1402	3.10286	2.69046	0.261625	1.18774
1403	3.10135	2.69245	0.259884	1.18739
1404	3.1041	2.68607	0.253989	1.17733
1405	3.09914	2.68634	0.250533	1.17698
1406	3.09876	2.68613	0.250377	1.1769
1407	3.09578	2.68455	0.250469	1.17786
1408	3.09786	2.68632	0.252893	1.18024
1409	3.09422	2.68336	0.254982	1.18293
1410	3.09197	2.68469	0.252866	1.18224
1411	3.08919	2.68238	0.253926	1.18391
1412	3.08983	2.68487	0.254797	1.18528
1413	3.08522	2.68221	0.256854	1.1893
1414	3.08499	2.68026	0.256958	1.18928
1415	3.08252	2.67445	0.261565	1.19345
1416	3.08261	2.67094	0.261444	1.19325
1417	3.0827	2.67537	0.261603	1.19363
1418	3.07933	2.67486	0.261465	1.19432
1419	3.07951	2.673	0.261353	1.19436
1420	3.07992	2.6697	0.260855	1.194
1421	3.07868	2.66797	0.261592	1.19495
1422	3.08155	2.66851	0.262091	1.1955
1423	3.08384	2.66668	0.260327	1.19399
1424	3.08584	2.66779	0.261142	1.19484
1425	3.08688	2.66779	0.261117	1.19484
1426	3.08269	2.66947	0.257717	1.1921
1427	3.0836	2.67361	0.259304	1.19389
1428	3.08162	2.67588	0.257166	1.19208
1429	3.08089	2.67525	0.25718	1.19227
1430	3.08167	2.67246	0.256464	1.19143
1431	3.0798	2.67477	0.254352	1.18974
1432	3.08082	2.67149	0.253276	1.18831
1433	3.07911	2.66545	0.256781	1.191
1434	3.0792	2.6639	0.256733	1.19099
1435	3.07735	2.6667	0.254533	1.18887
1436	3.07178	2.66722	0.251238	1.18773
1437	3.07156	2.66527	0.251358	1.18802
1438	3.07099	2.6632	0.251713	1.18863
1439	3.07332	2.66133	0.250184	1.18711
1440	3.07289	2.66553	0.249411	1.18638
1441	3.07114	2.66437	0.249725	1.18721
1442	3.07005	2.66377	0.249736	1.18752
1443	3.06929	2.66151	0.250246	1.18836
1444	3.07649	2.66098	0.249772	1.18691
1445	3.07705	2.66101	0.249841	1.18692
1446	3.07525	2.65836	0.251344	1.18861
1447	3.0735	2.66025	0.249852	1.18721
1448	3.07308	2.65833	0.250114	1.18757
1449	3.07	2.65794	0.249933	1.18806
1450	3.07147	2.65809	0.250087	1.18813
1451	3.07308	2.65925	0.250899	1.18875
1452	3.07136	2.65968	0.25037	1.18842
1453	3.07436	2.65434	0.244236	1.18202
1454	3.07381	2.64787	0.245525	1.18146
1455	3.07232	2.64761	0.245582	1.18159
1456	3.07204	2.6462	0.245733	1.18165
1457	3.06923	2.64774	0.243794	1.18002
1458	3.07027	2.64392	0.242278	1.17799
1459	3.07081	2.64438	0.242376	1.17813
1460	3.0678	2.65205	0.232894	1.17084
1461	3.06656	2.64963	0.233579	1.17142
1462	3.06454	2.64728	0.234664	1.17275
1463	3.06686	2.64754	0.235304	1.17301
1464	3.07326	2.64797	0.237668	1.17418
1465	3.0724	2.64874	0.237242	1.17408
1466	3.0746	2.64779	0.236731	1.17306
1467	3.07393	2.64934	0.236193	1.17303
1468	3.06941	2.65117	0.231076	1.17025
1469	3.0706	2.64805	0.230012	1.16788
1470	3.07052	2.6451	0.230076	1.16689
1471	3.06819	2.6447	0.229567	1.16712
1472	3.06477	2.6455	0.227012	1.16627
1473	3.06564	2.6452	0.227193	1.16609
1474	3.06114	2.63935	0.23457	1.1733
1475	3.05818	2.63521	0.238493	1.17723
1476	3.06221	2.62901	0.228336	1.16663
1477	3.06249	2.62823	0.228268	1.16638
1478	3.0588	2.6278	0.227964	1.1669
1479	3.0578	2.6295	0.2272	1.16644
1480	3.06117	2.62889	0.226498	1.16555
1481	3.06531	2.62954	0.227716	1.16674
1482	3.06443	2.63164	0.226889	1.16649
1483	3.05956	2.6321	0.224083	1.16573
1484	3.06	2.63387	0.224477	1.16631
1485	3.06097	2.6332	0.224417	1.16594
1486	3.05338	2.63022	0.227569	1.17367
1487	3.05342	2.63339	0.22762	1.17341
1488	3.05474	2.62965	0.225874	1.17134
1489	3.05042	2.625	0.231822	1.17817
1490	3.05279	2.62537	0.231901	1.17843
1491	3.05506	2.62229	0.228949	1.17599
1492	3.05166	2.62165	0.22929	1.17687
1493	3.05269	2.62237	0.229494	1.17703
1494	3.05531	2.62392	0.230805	1.17836
1495	3.05412	2.62221	0.231576	1.17929
1496	3.05629	2.62446	0.233173	1.18076
1497	3.05787	2.62947	0.236109	1.18311
1498	3.0586	2.62489	0.234757	1.18197
1499	3.05929	2.62505	0.234705	1.18199
1500	3.05895	2.62591	0.234625	1.18173
1501	3.06072	2.62324	0.232528	1.1801
1502	3.05532	2.62218	0.233564	1.18235
1503	3.05593	2.62284	0.23363	1.18236
1504	3.05581	2.62395	0.233593	1.18206
1505	3.05697	2.62496	0.233888	1.18229
1506	3.05544	2.62388	0.234559	1.1831
1507	3.0542	2.62658	0.233346	1.18109
1508	3.04983	2.62428	0.236327	1.18524
1509	3.05205	2.62712	0.238347	1.18663
1510	3.05232	2.62238	0.237812	1.18696
1511	3.051	2.62348	0.237441	1.18598
1512	3.05056	2.6215	0.237846	1.1869
1513	3.05233	2.6206	0.236742	1.18661
1514	3.05605	2.62389	0.24051	1.19025
1515	3.05678	2.62229	0.239868	1.19032
1516	3.05451	2.62133	0.241032	1.19147
1517	3.05648	2.62327	0.241844	1.19212
1518	3.06046	2.62447	0.242306	1.19351
1519	3.06336	2.62916	0.246748	1.19728
1520	3.06653	2.62855	0.244837	1.19676
1521	3.06678	2.62768	0.244681	1.19695
1522	3.06746	2.62268	0.243176	1.19637
1523	3.06975	2.62209	0.241765	1.19602
1524	3.07121	2.6218	0.241081	1.19593
1525	3.07583	2.62472	0.244836	1.20057
1526	3.07629	2.62618	0.244935	1.20042
1527	3.08017	2.62848	0.247061	1.20335
1528	3.07927	2.62847	0.247336	1.20335
1529	3.07761	2.6313	0.245963	1.20068
1530	3.07781	2.63279	0.246025	1.20041
1531	3.07983	2.63301	0.245621	1.20053
1532	3.08536	2.63079	0.239254	1.19607
1533	3.08505	2.63177	0.239179	1.19591
1534	3.08626	2.63411	0.240111	1.19692
1535	3.08431	2.63317	0.2409	1.19764
1536	3.08377	2.6342	0.240748	1.19732
1537	3.08366	2.63362	0.240786	1.19739
1538	3.08516	2.63348	0.240457	1.19732
1539	3.07896	2.63338	0.239504	1.19758
1540	3.07689	2.63478	0.238431	1.1962
1541	3.08082	2.63391	0.236627	1.19498
1542	3.08126	2.63511	0.23681	1.19507
1543	3.07881	2.63613	0.235675	1.19401
1544	3.08166	2.63566	0.235046	1.19352
1545	3.08218	2.63666	0.235253	1.19367
1546	3.08176	2.63748	0.235102	1.1935
1547	3.08413	2.6362	0.233909	1.19234
1548	3.08692	2.6379	0.235814	1.19424
1549	3.08354	2.63364	0.240725	1.19904
1550	3.08055	2.63291	0.241588	1.19996
1551	3.08156	2.63459	0.242073	1.20029
1552	3.08461	2.62926	0.23514	1.19395
1553	3.08237	2.62883	0.235517	1.19432
1554	3.08231	2.63046	0.235482	1.19418
1555	3.08584	2.63166	0.236745	1.19579
1556	3.08773	2.6318	0.236622	1.19589
1557	3.08355	2.62932	0.240137	1.19966
1558	3.08086	2.62773	0.24198	1.20144
1559	3.08204	2.62996	0.242697	1.20198
1560	3.08437	2.63636	0.248127	1.20738
1561	3.0835	2.63976	0.247144	1.20526
1562	3.0851	2.64209	0.248315	1.20615
1563	3.08964	2.64056	0.244705	1.20375
1564	3.0906	2.64015	0.244427	1.20364
1565	3.09444	2.63474	0.235704	1.19522
1566	3.09728	2.63587	0.236827	1.19663
1567	3.09271	2.63178	0.243202	1.20266
1568	3.09542	2.63503	0.246055	1.20604
1569	3.09596	2.63651	0.246243	1.20623
1570	3.0996	2.63495	0.243128	1.20407
1571	3.09867	2.63581	0.242953	1.20377
1572	3.09801	2.6338	0.243561	1.20416
1573	3.09748	2.63269	0.243887	1.20436
1574	3.10267	2.63117	0.239555	1.20122
1575	3.10419	2.63367	0.240788	1.20306
1576	3.10492	2.63732	0.241732	1.20462
1577	3.10122	2.63481	0.245204	1.20778
1578	3.10288	2.63672	0.246066	1.20899
1579	3.1032	2.63973	0.246379	1.20932
1580	3.10151	2.6394	0.246795	1.20954
1581	3.09968	2.64038	0.246329	1.20878
1582	3.09924	2.6408	0.24632	1.20868
1583	3.09787	2.64126	0.24622	1.2084
1584	3.10093	2.6396	0.243698	1.2065
1585	3.09846	2.64443	0.239111	1.20195
1586	3.10187	2.63977	0.232943	1.19493
1587	3.09925	2.64038	0.231832	1.19445
1588	3.09761	2.64193	0.23053	1.19376
1589	3.09881	2.63895	0.229332	1.19156
1590	3.09792	2.63752	0.229658	1.19164
1591	3.0976	2.63727	0.229643	1.19161
1592	3.09632	2.6377	0.22921	1.1915
1593	3.09255	2.63758	0.228257	1.19165
1594	3.09423	2.63417	0.226261	1.18856
1595	3.08873	2.63098	0.23064	1.19414
1596	3.08896	2.62913	0.230482	1.19379
1597	3.08887	2.62939	0.230472	1.1938
1598	3.08999	2.63452	0.232739	1.19666
1599	3.09023	2.63622	0.232903	1.19684
1600	3.08879	2.63679	0.232434	1.19653
1601	3.08588	2.63362	0.23541	1.19976
1602	3.08363	2.63437	0.234635	1.19903
1603	3.0798	2.6325	0.236713	1.20191
1604	3.08054	2.62609	0.234816	1.19989
1605	3.08082	2.62608	0.234777	1.19989
1606	3.07945	2.62859	0.233548	1.19805
1607	3.0742	2.62822	0.233215	1.19886
1608	3.07725	2.62917	0.23403	1.19974
1609	3.07787	2.6317	0.234599	1.19973
1610	3.08159	2.63255	0.23555	1.20078
1611	3.08174	2.62975	0.235385	1.20092
1612	3.08285	2.62619	0.233736	1.19966
1613	3.08493	2.62464	0.232165	1.19856
1614	3.08279	2.62705	0.230206	1.19628
1615	3.07942	2.6254	0.231918	1.19847
1616	3.08458	2.62591	0.232374	1.19942
1617	3.08356	2.62677	0.232082	1.19897
1618	3.08191	2.62737	0.23171	1.19851
1619	3.08537	2.62516	0.228368	1.1957
1620	3.08713	2.62742	0.229853	1.19719
1621	3.08939	2.62681	0.229187	1.19666
1622	3.08849	2.62629	0.229353	1.19682
1623	3.08952	2.62542	0.228957	1.19645
1624	3.09377	2.62787	0.232918	1.20068
1625	3.08999	2.62279	0.239917	1.20695
1626	3.09304	2.62382	0.240153	1.208
1627	3.09537	2.62351	0.239128	1.20776
1628	3.09664	2.62365	0.238825	1.20781
1629	3.0979	2.62102	0.237171	1.20655
1630	3.10008	2.62425	0.23933	1.20921
1631	3.09789	2.62325	0.240594	1.21009
1632	3.09905	2.62073	0.239076	1.20906
1633	3.09915	2.62223	0.239104	1.20899
1634	3.10295	2.622	0.237546	1.20866
1635	3.10384	2.62383	0.237935	1.20926
1636	3.10361	2.62895	0.237525	1.20894
1637	3.10134	2.62665	0.239724	1.21081
1638	3.10001	2.62692	0.239847	1.21065
1639	3.10463	2.6295	0.243598	1.21522
1640	3.10493	2.63121	0.243715	1.21521
1641	3.10723	2.62883	0.240922	1.2132
1642	3.10652	2.62629	0.241777	1.21381
1643	3.10636	2.62933	0.241627	1.21343
1644	3.10952	2.62929	0.240763	1.21339
1645	3.11146	2.63361	0.243678	1.21691
1646	3.11335	2.63441	0.24384	1.21747
1647	3.11953	2.6366	0.248671	1.22296
1648	3.11421	2.63196	0.258446	1.23187
1649	3.11718	2.63089	0.255539	1.23092
1650	3.11671	2.63207	0.255551	1.23041
1651	3.11979	2.63047	0.25208	1.22879
1652	3.11851	2.62739	0.254127	1.23051
1653	3.11831	2.63266	0.253809	1.22931
1654	3.12047	2.63442	0.254365	1.23051
1655	3.12256	2.63312	0.252377	1.22964
1656	3.12307	2.6372	0.252999	1.2301
1657	3.12519	2.63445	0.249923	1.228
1658	3.12916	2.63848	0.255314	1.23458
1659	3.13103	2.64024	0.255914	1.23569
1660	3.13237	2.63983	0.25519	1.23551
1661	3.13392	2.63847	0.25378	1.23477
1662	3.13151	2.63439	0.258312	1.2383
1663	3.13175	2.63869	0.258602	1.23823
1664	3.13126	2.64217	0.258132	1.23709
1665	3.12986	2.64233	0.258545	1.23698
1666	3.13127	2.64121	0.257367	1.23652
1667	3.13648	2.64322	0.260153	1.24057
1668	3.13354	2.64265	0.26181	1.24129
1669	3.13409	2.64488	0.262054	1.24139
1670	3.13251	2.64711	0.26128	1.2396
1671	3.13288	2.65307	0.262049	1.24038
1672	3.13488	2.65549	0.263451	1.24197
1673	3.13511	2.65431	0.263277	1.24206
1674	3.13237	2.65524	0.262927	1.24088
1675	3.13439	2.65264	0.260295	1.23924
1676	3.13825	2.65467	0.26269	1.24221
1677	3.13994	2.65348	0.26142	1.24156
1678	3.142	2.6548	0.261983	1.24255
1679	3.14281	2.65811	0.262867	1.24356
1680	3.14191	2.65711	0.26342	1.244
1681	3.14437	2.65713	0.262857	1.24402
1682	3.14654	2.66168	0.266467	1.24832
1683	3.15002	2.66072	0.264437	1.2471
1684	3.14713	2.66144	0.26412	1.24624
1685	3.14594	2.66189	0.264133	1.246
1686	3.14631	2.6625	0.264153	1.24604
1687	3.14768	2.6616	0.263417	1.24562
1688	3.14588	2.66191	0.263492	1.24539
1689	3.15104	2.66386	0.267488	1.24949
1690	3.15234	2.66421	0.267385	1.24965
1691	3.14939	2.66647	0.265277	1.24691
1692	3.15399	2.66735	0.266804	1.24854
1693	3.1548	2.66837	0.267015	1.24888
1694	3.15285	2.66496	0.26987	1.25134
1695	3.15019	2.66154	0.274008	1.255
1696	3.15516	2.65824	0.265883	1.24899
1697	3.15621	2.65305	0.263421	1.24625
1698	3.15865	2.65196	0.261635	1.2451
1699	3.16168	2.65145	0.260237	1.24441
1700	3.15829	2.65503	0.256221	1.24039
1701	3.15587	2.66052	0.251183	1.23696
1702	3.15505	2.66147	0.250832	1.23689
1703	3.15573	2.66067	0.25066	1.23648
1704	3.15325	2.6598	0.251295	1.2371
1705	3.15501	2.65692	0.249346	1.2344
1706	3.15195	2.65542	0.250928	1.23574
1707	3.15488	2.65285	0.247898	1.23212
1708	3.15261	2.65183	0.248775	1.23268
1709	3.14896	2.65191	0.248581	1.23258
1710	3.14907	2.65027	0.248502	1.2321
1711	3.15129	2.64929	0.247512	1.23098
1712	3.15095	2.65006	0.247428	1.23111
1713	3.1477	2.65033	0.247054	1.23084
1714	3.14506	2.65005	0.24732	1.23106
1715	3.13906	2.65257	0.240635	1.22562
1716	3.13858	2.65739	0.239627	1.22617
1717	3.13761	2.65901	0.238768	1.22587
1718	3.13792	2.65753	0.238669	1.2254
1719	3.14035	2.65964	0.241417	1.22797
1720	3.13668	2.66437	0.233457	1.2223
1721	3.13245	2.66407	0.231538	1.22272
1722	3.13709	2.66202	0.230267	1.21855
1723	3.13452	2.66357	0.227323	1.21748
1724	3.13438	2.66488	0.227167	1.21781
1725	3.13558	2.66629	0.22856	1.21892
1726	3.12935	2.66396	0.229123	1.22379
1727	3.12898	2.66523	0.228736	1.22373
1728	3.12678	2.66536	0.227272	1.22363
1729	3.12434	2.6638	0.227153	1.22501
1730	3.12484	2.66328	0.227339	1.22491
1731	3.12728	2.66019	0.225729	1.22181
1732	3.12567	2.65882	0.225651	1.22252
1733	3.12627	2.65464	0.224978	1.22091
1734	3.12512	2.65014	0.226417	1.22196
1735	3.12764	2.65054	0.227782	1.22239
1736	3.127	2.65524	0.226344	1.22201
1737	3.12705	2.65797	0.226417	1.22239
1738	3.12809	2.66124	0.228317	1.22421
1739	3.1294	2.66167	0.229217	1.22446
1740	3.12321	2.65427	0.242089	1.23941
1741	3.12702	2.65602	0.245436	1.24159
1742	3.12637	2.65945	0.244476	1.23982
1743	3.12854	2.66006	0.245372	1.24019
1744	3.13219	2.65831	0.243463	1.23805
1745	3.13364	2.65452	0.241526	1.23619
1746	3.13322	2.65248	0.241799	1.23664
1747	3.13714	2.65342	0.243903	1.23805
1748	3.13527	2.6487	0.247124	1.24122
1749	3.13867	2.64752	0.245386	1.2398
1750	3.13771	2.64462	0.246511	1.24095
1751	3.13955	2.64322	0.245272	1.24006
1752	3.1393	2.64566	0.245057	1.23968
1753	3.13888	2.64464	0.245252	1.2399
1754	3.13713	2.64158	0.247432	1.24201
1755	3.12926	2.63737	0.258812	1.25478
1756	3.12762	2.63531	0.260843	1.25708
1757	3.12899	2.63868	0.26195	1.25702
1758	3.12656	2.6409	0.26095	1.25362
1759	3.1313	2.6403	0.25785	1.2528
1760	3.12962	2.64028	0.258489	1.25282
1761	3.12935	2.64552	0.258033	1.2502
1762	3.12959	2.64842	0.258236	1.24929
1763	3.13053	2.65147	0.259123	1.24929
1764	3.13457	2.64981	0.25552	1.24724
1765	3.13716	2.65319	0.258613	1.25002
1766	3.12932	2.65299	0.25846	1.2507
1767	3.12991	2.65073	0.257808	1.25111
1768	3.1299	2.65324	0.2578	1.25004
1769	3.1305	2.65596	0.258337	1.24963
1770	3.13146	2.65609	0.258223	1.24963
1771	3.13671	2.65469	0.254802	1.24721
1772	3.12953	2.64981	0.266976	1.26122
1773	3.136	2.65217	0.271624	1.2661
1774	3.14138	2.65095	0.266806	1.26424
1775	3.14316	2.65473	0.26883	1.26527
1776	3.14415	2.65916	0.270232	1.26522
1777	3.14718	2.66165	0.272381	1.26718
1778	3.15138	2.66641	0.279816	1.27409
1779	3.15263	2.67178	0.282083	1.27489
1780	3.15777	2.67474	0.28742	1.27994
1781	3.15918	2.67482	0.28685	1.27994
1782	3.16646	2.6706	0.272925	1.26971
1783	3.16766	2.66865	0.271722	1.26921
1784	3.16395	2.66692	0.274942	1.27207
1785	3.16425	2.66544	0.274666	1.27236
1786	3.16407	2.67048	0.274363	1.2712
1787	3.16601	2.67667	0.279066	1.27628
1788	3.16681	2.6824	0.280793	1.27756
1789	3.16283	2.68423	0.278508	1.274
1790	3.16414	2.68444	0.278487	1.27404
1791	3.16252	2.67971	0.281686	1.27844
1792	3.16503	2.67835	0.27976	1.2777
1793	3.16683	2.67829	0.279337	1.27768
1794	3.16602	2.67675	0.280029	1.27877
1795	3.16404	2.68035	0.277669	1.27469
1796	3.16622	2.6794	0.276544	1.2742
1797	3.16556	2.68037	0.276391	1.27365
1798	3.16442	2.68438	0.274678	1.27098
1799	3.16166	2.68655	0.272343	1.26803
1800	3.16424	2.68561	0.271579	1.2673
1801	3.16494	2.68843	0.272436	1.26776
1802	3.16751	2.68589	0.270076	1.26567
1803	3.16662	2.68647	0.269803	1.26539
1804	3.16889	2.68659	0.270232	1.26549
1805	3.16854	2.68503	0.270424	1.26588
1806	3.16821	2.68242	0.270746	1.26651
1807	3.16577	2.6793	0.273698	1.26988
1808	3.16468	2.68227	0.272493	1.26806
1809	3.16549	2.68256	0.272572	1.26809
1810	3.16364	2.68091	0.273827	1.26965
1811	3.16197	2.68037	0.274312	1.27016
1812	3.16345	2.67856	0.27311	1.26965
1813	3.16616	2.67784	0.272169	1.26905
1814	3.16317	2.67675	0.273672	1.27059
1815	3.1677	2.6743	0.269012	1.26683
1816	3.16637	2.67159	0.270557	1.26862
1817	3.16799	2.67596	0.273304	1.27134
1818	3.16793	2.67806	0.273258	1.27088
1819	3.16823	2.67445	0.272787	1.27117
1820	3.1665	2.6758	0.272124	1.26994
1821	3.16723	2.67444	0.271639	1.26986
1822	3.16605	2.67374	0.272137	1.27035
1823	3.16196	2.67358	0.27283	1.27065
1824	3.16002	2.67175	0.274553	1.27263
1825	3.15855	2.67228	0.274588	1.27211
1826	3.15541	2.67333	0.27391	1.27038
1827	3.15809	2.67442	0.274692	1.27114
1828	3.16179	2.66798	0.264604	1.26347
1829	3.16237	2.66696	0.264305	1.26341
1830	3.1653	2.66641	0.263464	1.26285
1831	3.1658	2.66916	0.263975	1.26326
1832	3.16363	2.67206	0.261591	1.26055
1833	3.16653	2.66841	0.257518	1.25655
1834	3.16539	2.66575	0.258663	1.2576
1835	3.1626	2.6673	0.256941	1.25588
1836	3.16344	2.66795	0.257201	1.2561
1837	3.1611	2.67213	0.253131	1.25251
1838	3.16354	2.66636	0.248048	1.2462
1839	3.16153	2.66366	0.249754	1.24775
1840	3.16087	2.66401	0.24958	1.2477
1841	3.16659	2.66586	0.256068	1.25246
1842	3.17125	2.66847	0.26214	1.25807
1843	3.16782	2.66732	0.263739	1.25954
1844	3.17008	2.66753	0.263814	1.25974
1845	3.16892	2.66672	0.264302	1.2601
1846	3.16894	2.66602	0.264292	1.26009
1847	3.16917	2.66586	0.264248	1.26008
1848	3.17237	2.66776	0.266635	1.26269
1849	3.17338	2.67245	0.268488	1.26547
1850	3.17486	2.67394	0.269284	1.26638
1851	3.17276	2.67281	0.270424	1.26735
1852	3.16881	2.67404	0.268901	1.26532
1853	3.17021	2.6729	0.268155	1.2648
1854	3.16779	2.67627	0.265074	1.26149
1855	3.16307	2.67259	0.271354	1.26827
1856	3.16225	2.67082	0.272064	1.26929
1857	3.15839	2.6681	0.276737	1.27412
1858	3.15927	2.67047	0.277297	1.27402
1859	3.15702	2.66921	0.279091	1.27568
1860	3.15921	2.6646	0.274278	1.27369
1861	3.15705	2.66397	0.275533	1.27449
1862	3.16126	2.66559	0.277204	1.27659
1863	3.16498	2.66719	0.278569	1.27839
1864	3.16503	2.67396	0.278688	1.27766
1865	3.1627	2.67937	0.274222	1.27124
1866	3.16681	2.67831	0.272408	1.2698
1867	3.16255	2.68238	0.265695	1.2623
1868	3.15741	2.68256	0.264311	1.2619
1869	3.16074	2.68131	0.263279	1.26049
1870	3.16105	2.67809	0.262922	1.26047
1871	3.16035	2.67907	0.26258	1.26008
1872	3.15989	2.68205	0.261965	1.25934
1873	3.16374	2.68144	0.262036	1.25845
1874	3.16471	2.6844	0.263395	1.25976
1875	3.16457	2.68298	0.26345	1.25993
1876	3.1621	2.68443	0.261587	1.25843
1877	3.1666	2.68319	0.260849	1.25623
1878	3.16637	2.6833	0.260788	1.25623
1879	3.16397	2.68695	0.256701	1.25318
1880	3.16502	2.68652	0.256908	1.25297
1881	3.16473	2.68558	0.256917	1.253
1882	3.16781	2.6846	0.256922	1.25169
1883	3.16683	2.67832	0.259025	1.25241
1884	3.16969	2.68218	0.264437	1.25812
1885	3.16925	2.68169	0.264467	1.25818
1886	3.17107	2.68088	0.264148	1.25755
1887	3.16661	2.68395	0.257988	1.25252
1888	3.16584	2.68254	0.258204	1.25279
1889	3.16418	2.68427	0.256616	1.25186
1890	3.16415	2.68327	0.256619	1.25178
1891	3.16295	2.6841	0.255856	1.25147
1892	3.16399	2.68032	0.254628	1.2495
1893	3.16347	2.6782	0.254916	1.24964
1894	3.16711	2.67648	0.253583	1.2469
1895	3.1632	2.68043	0.246275	1.24197
1896	3.16274	2.67888	0.246346	1.24183
1897	3.16356	2.67669	0.245989	1.24052
1898	3.16335	2.6763	0.245936	1.24043
1899	3.16672	2.67342	0.243573	1.23562
1900	3.16559	2.67167	0.243898	1.2356
1901	3.16354	2.66755	0.246424	1.23686
1902	3.15474	2.66865	0.237878	1.2335
1903	3.15384	2.66626	0.238328	1.23358
1904	3.15717	2.66209	0.234203	1.22663
1905	3.15199	2.65976	0.236135	1.23014
1906	3.15131	2.66153	0.23542	1.23026
1907	3.15129	2.65885	0.235434	1.22935
1908	3.14635	2.65655	0.237582	1.23293
1909	3.14288	2.65446	0.239284	1.23533
1910	3.13964	2.65591	0.236629	1.23358
1911	3.14394	2.65894	0.243542	1.23934
1912	3.14014	2.65982	0.241267	1.23803
1913	3.13951	2.66533	0.23971	1.23733
1914	3.13728	2.66603	0.238233	1.2367
1915	3.14069	2.6658	0.239387	1.2364
1916	3.13589	2.66759	0.233698	1.23307
1917	3.13509	2.66573	0.233871	1.23361
1918	3.13446	2.66679	0.233304	1.23334
1919	3.13638	2.66494	0.232853	1.23193
1920	3.13611	2.66749	0.232439	1.23185
1921	3.13768	2.66212	0.229938	1.22772
1922	3.13708	2.66291	0.229446	1.22765
1923	3.13786	2.66041	0.229075	1.22646
1924	3.13825	2.6562	0.228623	1.22474
1925	3.13503	2.65155	0.232789	1.22898
1926	3.14026	2.64385	0.218546	1.2107
1927	3.13695	2.64499	0.215398	1.20981
1928	3.12966	2.64317	0.214608	1.21396
1929	3.12935	2.63954	0.214887	1.21299
1930	3.13078	2.63476	0.212822	1.20816
1931	3.1292	2.63194	0.213858	1.20847
1932	3.1293	2.6263	0.213679	1.20484
1933	3.12981	2.62625	0.213797	1.2048
1934	3.12564	2.62769	0.209879	1.20314
1935	3.12281	2.62998	0.206131	1.20161
1936	3.11933	2.62619	0.209175	1.20455
1937	3.11329	2.62149	0.216296	1.21301
1938	3.1127	2.62117	0.216278	1.21306
1939	3.10614	2.6177	0.222015	1.22111
1940	3.11058	2.61575	0.218405	1.21802
1941	3.11574	2.61622	0.219518	1.21895
1942	3.11792	2.61374	0.217329	1.21668
1943	3.11804	2.61174	0.217234	1.21632
1944	3.11984	2.61266	0.217795	1.21704
1945	3.12381	2.61025	0.21386	1.21289
1946	3.12219	2.61095	0.213351	1.21261
1947	3.11742	2.61443	0.205996	1.20681
1948	3.11643	2.61578	0.205223	1.20662
1949	3.11121	2.61861	0.197063	1.2015
1950	3.10716	2.61701	0.196977	1.20348
1951	3.10919	2.61678	0.197678	1.20326
1952	3.10905	2.61181	0.197887	1.20153
1953	3.10967	2.61337	0.198481	1.20225
1954	3.10372	2.60991	0.202461	1.20884
1955	3.10237	2.60595	0.204133	1.21023
1956	3.105	2.6066	0.205121	1.21088
1957	3.10784	2.60601	0.204766	1.21022
1958	3.10778	2.60838	0.204697	1.21022
1959	3.10684	2.60433	0.205968	1.21082
1960	3.10553	2.60539	0.20527	1.21029
1961	3.10666	2.60086	0.203403	1.2074
1962	3.10475	2.59956	0.204087	1.20818
1963	3.10774	2.60625	0.212295	1.21707
1964	3.10483	2.60496	0.213479	1.21857
1965	3.10292	2.60558	0.213006	1.218
1966	3.10537	2.60626	0.213501	1.21852
1967	3.10783	2.60679	0.213855	1.21895
1968	3.10692	2.60892	0.213113	1.21787
1969	3.10543	2.60848	0.213284	1.21817
1970	3.109	2.60837	0.21305	1.21803
1971	3.1059	2.60731	0.213957	1.21935
1972	3.10392	2.60326	0.216958	1.22241
1973	3.10136	2.60251	0.217848	1.22332
1974	3.1054	2.60661	0.22375	1.22869
1975	3.10698	2.61039	0.225722	1.22967
1976	3.10582	2.6141	0.224245	1.22658
1977	3.11041	2.61194	0.219672	1.22325
1978	3.10558	2.60829	0.225776	1.23011
1979	3.10755	2.60532	0.222945	1.22868
1980	3.10465	2.60665	0.221866	1.22673
1981	3.1055	2.6101	0.222841	1.22668
1982	3.10634	2.6077	0.221911	1.22648
1983	3.10824	2.60289	0.217965	1.22344
1984	3.10971	2.60323	0.217864	1.22357
1985	3.10922	2.60482	0.217642	1.22294
1986	3.1085	2.60132	0.218699	1.22406
1987	3.11172	2.60439	0.221876	1.22729
1988	3.11278	2.60261	0.220869	1.22686
1989	3.11343	2.60238	0.220642	1.22685
1990	3.11316	2.60017	0.220937	1.22733
1991	3.11099	2.60549	0.216911	1.22164
1992	3.11431	2.60383	0.214266	1.21962
1993	3.11163	2.60538	0.212696	1.21792
1994	3.11282	2.60571	0.212783	1.21806
1995	3.11465	2.60242	0.210329	1.21543
1996	3.11253	2.6036	0.209313	1.2145
1997	3.10609	2.597	0.223385	1.22806
1998	3.10359	2.59482	0.226198	1.23068
1999	3.10763	2.59664	0.227143	1.23279
2000	3.10961	2.59389	0.224047	1.23148
