Mat1	Mat2	Mat3	Pat1	Pat2	Pat3	w0	theta0	d	q	p	w	R	theta	a	payoff	delta	elig	ztheta	gnum	inum	female	SubPop	Alive
0.5	0.1	0	0.5	0.1	0	1	0.2	0	1	1	2.76206	2.82774	1.05843	1.06461	2.40333	0.0684126	2.61288	2.61288	1	1	1	0	1
0.5	0.1	0	0.5	0.1	0	1	0.2	0	0	0	2.86982	2.91279	0.367264	0.401172	2.37119	0.0447563	14.0666	14.0666	1	2	1	0	1
0.5	0.1	0	0.5	0.1	0	1	0.2	0	1	1	3.40726	3.42936	0.838376	0.863444	2.82106	0.0230196	10.2152	10.2152	2	1	1	0	1
0.5	0.1	0	0.5	0.1	0	1	0.2	0	1	1	3.2887	3.35315	0.968316	0.947612	2.74588	0.0671349	-8.75162	-8.75162	2	2	1	0	1
0.5	0.1	0	0.5	0.1	0	1	0.2	0	0	0	2.00846	2.0343	0.495038	0.482869	1.70615	0.0269192	-4.97457	-4.97457	3	1	1	0	1
0.5	0.1	0	0.5	0.1	0	1	0.2	0	0	0	2.09291	2.09608	0.430857	0.440607	1.91369	0.00330303	3.91018	3.91018	3	2	1	0	1
0.5	0.1	0	0.5	0.1	0	1	0.2	0	0	0	2.02565	2.00852	0.480533	0.491945	1.81162	-0.017843	4.50061	4.50061	4	1	1	0	1
0.5	0.1	0	0.5	0.1	0	1	0.2	0	0	0	2.06527	2.10821	0.440327	0.423556	1.91798	0.0447282	-6.95745	-6.95745	4	2	1	0	1
0.5	0.1	0	0.5	0.1	0	1	0.2	0	1	1	3.36425	3.30749	0.914046	0.893025	2.91417	-0.0591218	-8.02858	-8.02858	5	1	1	0	1
0.5	0.1	0	0.5	0.1	0	1	0.2	0	1	1	3.39728	3.36004	0.876521	0.832104	2.94882	-0.0387888	-17.2321	-17.2321	5	2	1	0	1
0.5	0.1	0	0.5	0.1	0	1	0.2	0	1	1	3.33801	3.37629	0.931281	0.983181	2.8715	0.0398756	21.4443	21.4443	6	1	1	0	1
0.5	0.1	0	0.5	0.1	0	1	0.2	0	1	1	3.3769	3.4715	0.887698	0.88104	2.93704	0.0985354	-2.89097	-2.89097	6	2	1	0	1
0.5	0.1	0	0.5	0.1	0	1	0.2	0	0	0	2.87595	2.90892	0.410386	0.436366	2.28814	0.0343347	10.6855	10.6855	7	1	1	0	1
0.5	0.1	0	0.5	0.1	0	1	0.2	0	1	1	2.82188	2.87228	1.05402	1.06603	2.40959	0.0524991	5.01137	5.01137	7	2	1	0	1
0.5	0.1	0	0.5	0.1	0	1	0.2	0	0	0	2.73114	2.63162	0.321263	0.329807	2.30422	-0.10366	3.15613	3.15613	8	1	1	0	1
0.5	0.1	0	0.5	0.1	0	1	0.2	0	1	1	2.68884	2.65204	0.937559	0.852972	2.47382	-0.0383423	-32.8277	-32.8277	8	2	1	0	1
0.5	0.1	0	0.5	0.1	0	1	0.2	0	1	1	2.75308	2.83421	0.989857	1.01209	2.58068	0.0845091	9.53841	9.53841	9	1	1	0	1
0.5	0.1	0	0.5	0.1	0	1	0.2	0	0	0	2.7946	2.84379	0.355452	0.416039	2.45017	0.0512356	25.2708	25.2708	9	2	1	0	1
0.5	0.1	0	0.5	0.1	0	1	0.2	0	0	0	1.9479	1.89804	0.409842	0.355695	1.74255	-0.0519357	-20.7948	-20.7948	10	1	1	0	1
0.5	0.1	0	0.5	0.1	0	1	0.2	0	0	0	1.99229	1.88083	0.395446	0.368331	1.77838	-0.116103	-9.92408	-9.92408	10	2	1	0	1
0.5	0.1	0	0.5	0.1	0	1	0.2	0	0	0	2.04859	1.88766	0.430697	0.501807	1.96328	-0.167636	25.0805	25.0805	11	1	1	0	1
0.5	0.1	0	0.5	0.1	0	1	0.2	0	0	0	2.03849	2.10998	0.453542	0.345653	1.84907	0.0744692	-45.8898	-45.8898	11	2	1	0	1
0.5	0.1	0	0.5	0.1	0	1	0.2	0	0	0	2.00153	2.05002	0.494626	0.52369	1.78428	0.0505128	12.1154	12.1154	12	1	1	0	1
0.5	0.1	0	0.5	0.1	0	1	0.2	0	0	0	2.0926	2.15913	0.435599	0.450316	1.87482	0.0693056	6.23212	6.23212	12	2	1	0	1
0.5	0.1	0	0.5	0.1	0	1	0.2	0	0	0	2.09663	2.12731	0.464813	0.467581	1.96464	0.0319617	1.13647	1.13647	13	1	1	0	1
0.5	0.1	0	0.5	0.1	0	1	0.2	0	0	0	2.05419	2.07614	0.496553	0.502046	1.8939	0.0228663	2.23819	2.23819	13	2	1	0	1
0.5	0.1	0	0.5	0.1	0	1	0.2	0	1	1	2.90355	2.91004	0.99523	0.925328	2.60951	0.00676529	-28.1131	-28.1131	14	1	1	0	1
0.5	0.1	0	0.5	0.1	0	1	0.2	0	0	0	2.79392	2.71852	0.46679	0.496425	2.29466	-0.0785458	11.1532	11.1532	14	2	1	0	1
0.5	0.1	0	0.5	0.1	0	1	0.2	0	0	0	2.69154	2.76784	0.465503	0.496258	2.21391	0.0794847	13.1372	13.1372	15	1	1	0	1
0.5	0.1	0	0.5	0.1	0	1	0.2	0	1	1	2.84919	2.92273	0.938204	0.96385	2.56023	0.0766091	10.9284	10.9284	15	2	1	0	1
0.5	0.1	0	0.5	0.1	0	1	0.2	0	0	0	2.06782	2.07057	0.476646	0.504743	1.85524	0.00286297	11.2647	11.2647	16	1	1	0	1
0.5	0.1	0	0.5	0.1	0	1	0.2	0	0	0	2.07374	2.13122	0.469571	0.463884	1.86252	0.05987	-2.38939	-2.38939	16	2	1	0	1
0.5	0.1	0	0.5	0.1	0	1	0.2	0	1	1	3.29436	3.21857	0.946694	0.892609	2.86093	-0.0789476	-20.3488	-20.3488	17	1	1	0	1
0.5	0.1	0	0.5	0.1	0	1	0.2	0	1	1	3.39203	3.33169	0.836058	0.755327	2.95751	-0.0628553	-30.7465	-30.7465	17	2	1	0	1
0.5	0.1	0	0.5	0.1	0	1	0.2	0	0	0	2.10437	2.06156	0.50799	0.502592	1.88685	-0.0445851	-2.08469	-2.08469	18	1	1	0	1
0.5	0.1	0	0.5	0.1	0	1	0.2	0	0	0	2.11573	2.12762	0.49803	0.457971	1.93576	0.012379	-16.1836	-16.1836	18	2	1	0	1
0.5	0.1	0	0.5	0.1	0	1	0.2	0	1	1	3.35198	3.4356	0.955452	1.01594	2.86675	0.087098	26.0069	26.0069	19	1	1	0	1
0.5	0.1	0	0.5	0.1	0	1	0.2	0	1	1	3.41772	3.51334	0.881838	0.936294	2.91859	0.0996014	23.6684	23.6684	19	2	1	0	1
0.5	0.1	0	0.5	0.1	0	1	0.2	0	1	1	3.34262	3.27899	0.896633	0.856967	2.77956	-0.0662814	-15.0675	-15.0675	20	1	1	0	1
0.5	0.1	0	0.5	0.1	0	1	0.2	0	1	1	3.36649	3.31329	0.871946	0.815959	2.81237	-0.0554215	-21.4442	-21.4442	20	2	1	0	1
0.5	0.1	0	0.5	0.1	0	1	0.2	0	1	1	3.43715	3.41995	0.986765	0.922222	3.04082	-0.0179216	-25.4521	-25.4521	21	1	1	0	1
0.5	0.1	0	0.5	0.1	0	1	0.2	0	1	1	3.46947	3.4141	0.93997	0.92854	3.07544	-0.0576734	-4.37054	-4.37054	21	2	1	0	1
0.5	0.1	0	0.5	0.1	0	1	0.2	0	0	0	2.71762	2.77072	0.38494	0.465616	2.20654	0.0553198	33.7646	33.7646	22	1	1	0	1
0.5	0.1	0	0.5	0.1	0	1	0.2	0	1	1	2.73432	2.88274	0.948499	0.961245	2.35248	0.154608	5.81794	5.81794	22	2	1	0	1
0.5	0.1	0	0.5	0.1	0	1	0.2	0	0	0	2.11611	2.10823	0.472095	0.448727	1.98381	-0.00820141	-9.28626	-9.28626	23	1	1	0	1
0.5	0.1	0	0.5	0.1	0	1	0.2	0	0	0	2.05694	2.04711	0.515047	0.490317	1.90447	-0.0102316	-9.81145	-9.81145	23	2	1	0	1
0.5	0.1	0	0.5	0.1	0	1	0.2	0	0	0	2.82647	2.91535	0.297449	0.272808	2.37562	0.0925815	-10.6451	-10.6451	24	1	1	0	1
0.5	0.1	0	0.5	0.1	0	1	0.2	0	1	1	2.65831	2.6605	1.0243	1.06289	2.33051	0.00228346	15.4621	15.4621	24	2	1	0	1
0.5	0.1	0	0.5	0.1	0	1	0.2	0	0	0	2.64214	2.70455	0.407615	0.325957	2.14712	0.0650083	-34.4552	-34.4552	25	1	1	0	1
0.5	0.1	0	0.5	0.1	0	1	0.2	0	1	1	2.77253	2.67377	0.874989	0.905385	2.54708	-0.102869	11.2339	11.2339	25	2	1	0	1
0.5	0.1	0	0.5	0.1	0	1	0.2	0	0	0	2.85258	2.81519	0.442123	0.489548	2.43578	-0.0389398	18.397	18.397	26	1	1	0	1
0.5	0.1	0	0.5	0.1	0	1	0.2	0	1	1	2.87702	2.92444	1.03312	1.00013	2.61274	0.0493964	-13.7402	-13.7402	26	2	1	0	1
0.5	0.1	0	0.5	0.1	0	1	0.2	0	0	0	2.06976	2.08745	0.514515	0.520981	1.85381	0.0184311	2.6249	2.6249	27	1	1	0	1
0.5	0.1	0	0.5	0.1	0	1	0.2	0	0	0	2.14367	2.15616	0.456946	0.475117	1.94535	0.0130043	7.34456	7.34456	27	2	1	0	1
0.5	0.1	0	0.5	0.1	0	1	0.2	0	0	0	1.96871	2.02214	0.416542	0.365764	1.76995	0.055661	-21.2579	-21.2579	28	1	1	0	1
0.5	0.1	0	0.5	0.1	0	1	0.2	0	0	0	1.98527	1.91295	0.402596	0.443497	1.79953	-0.075333	15.4303	15.4303	28	2	1	0	1
0.5	0.1	0	0.5	0.1	0	1	0.2	0	1	1	2.53301	2.52916	0.917581	0.816602	2.23834	-0.00401686	-40.2622	-40.2622	29	1	1	0	1
0.5	0.1	0	0.5	0.1	0	1	0.2	0	0	0	2.65341	2.56952	0.242588	0.259411	2.18977	-0.0873936	6.28933	6.28933	29	2	1	0	1
0.5	0.1	0	0.5	0.1	0	1	0.2	0	1	1	2.75768	2.74825	0.947519	0.999476	2.46453	-0.00982393	20.6209	20.6209	30	1	1	0	1
0.5	0.1	0	0.5	0.1	0	1	0.2	0	0	0	2.72355	2.83235	0.378988	0.353056	2.31549	0.113335	-11.4069	-11.4069	30	2	1	0	1
0.5	0.1	0	0.5	0.1	0	1	0.2	0	1	1	3.26819	3.30813	0.885681	0.958715	2.67775	0.0416036	30.2193	30.2193	31	1	1	0	1
0.5	0.1	0	0.5	0.1	0	1	0.2	0	1	1	3.32663	3.43059	0.821303	0.821104	2.73532	0.108298	-0.0875281	-0.0875281	31	2	1	0	1
0.5	0.1	0	0.5	0.1	0	1	0.2	0	1	1	3.32844	3.42076	0.919671	0.913263	2.8402	0.0961678	-2.77708	-2.77708	32	1	1	0	1
0.5	0.1	0	0.5	0.1	0	1	0.2	0	1	1	3.3865	3.40476	0.860265	0.930616	2.87858	0.0190198	28.5751	28.5751	32	2	1	0	1
0.5	0.1	0	0.5	0.1	0	1	0.2	0	1	1	3.3514	3.35707	0.985604	1.04112	2.80192	0.00590611	22.3132	22.3132	33	1	1	0	1
0.5	0.1	0	0.5	0.1	0	1	0.2	0	1	1	3.45324	3.52894	0.878406	0.86034	2.87092	0.0788581	-7.71335	-7.71335	33	2	1	0	1
0.5	0.1	0	0.5	0.1	0	1	0.2	0	1	1	2.795	2.68817	1.00721	0.914826	2.44234	-0.111281	-33.9319	-33.9319	34	1	1	0	1
0.5	0.1	0	0.5	0.1	0	1	0.2	0	0	0	2.78793	2.71795	0.410966	0.333176	2.32977	-0.0729026	-29.4013	-29.4013	34	2	1	0	1
0.5	0.1	0	0.5	0.1	0	1	0.2	0	0	0	2.03097	2.05319	0.441656	0.495562	2.01413	0.0231488	21.9692	21.9692	35	1	1	0	1
0.5	0.1	0	0.5	0.1	0	1	0.2	0	0	0	2.04446	2.11655	0.448225	0.452582	1.94982	0.0750941	1.85432	1.85432	35	2	1	0	1
0.5	0.1	0	0.5	0.1	0	1	0.2	0	1	1	3.45659	3.46772	0.807421	0.837127	3.0267	0.0115952	11.9938	11.9938	36	1	1	0	1
0.5	0.1	0	0.5	0.1	0	1	0.2	0	1	1	3.27132	3.32947	1.00456	0.988576	2.8315	0.0605702	-6.71958	-6.71958	36	2	1	0	1
0.5	0.1	0	0.5	0.1	0	1	0.2	0	0	0	2.06635	2.20182	0.435313	0.402902	1.98353	0.141115	-14.6144	-14.6144	37	1	1	0	1
0.5	0.1	0	0.5	0.1	0	1	0.2	0	0	0	1.9994	1.97741	0.473811	0.554655	1.81637	-0.0229044	31.7555	31.7555	37	2	1	0	1
0.5	0.1	0	0.5	0.1	0	1	0.2	0	1	1	2.64113	2.66318	0.932328	0.89893	2.31609	0.0229708	-13.6093	-13.6093	38	1	1	0	1
0.5	0.1	0	0.5	0.1	0	1	0.2	0	0	0	2.69884	2.69525	0.317689	0.320579	2.25543	-0.00373507	1.15243	1.15243	38	2	1	0	1
0.5	0.1	0	0.5	0.1	0	1	0.2	0	0	0	2.0856	2.10081	0.415755	0.495316	1.90223	0.0158472	32.2332	32.2332	39	1	1	0	1
0.5	0.1	0	0.5	0.1	0	1	0.2	0	0	0	1.99631	2.11774	0.476659	0.483953	1.79982	0.126493	3.24574	3.24574	39	2	1	0	1
0.5	0.1	0	0.5	0.1	0	1	0.2	0	1	1	3.35051	3.37318	0.918753	0.86876	2.90045	0.023614	-20.3822	-20.3822	40	1	1	0	1
0.5	0.1	0	0.5	0.1	0	1	0.2	0	1	1	3.38756	3.34944	0.890402	0.895663	2.88631	-0.0397006	2.03961	2.03961	40	2	1	0	1
0.5	0.1	0	0.5	0.1	0	1	0.2	0	0	0	1.95712	2.03131	0.38645	0.399617	1.81945	0.0772814	5.61357	5.61357	41	1	1	0	1
0.5	0.1	0	0.5	0.1	0	1	0.2	0	0	0	1.95071	1.96687	0.396603	0.444926	1.83413	0.0168253	19.5929	19.5929	41	2	1	0	1
0.5	0.1	0	0.5	0.1	0	1	0.2	0	0	0	2.01538	1.8451	0.419295	0.34704	1.9373	-0.17737	-25.3105	-25.3105	42	1	1	0	1
0.5	0.1	0	0.5	0.1	0	1	0.2	0	0	0	1.97406	1.85756	0.435353	0.337758	1.87391	-0.12135	-35.5836	-35.5836	42	2	1	0	1
0.5	0.1	0	0.5	0.1	0	1	0.2	0	1	1	3.42423	3.43143	0.843871	0.900383	2.92272	0.00749673	22.7414	22.7414	43	1	1	0	1
0.5	0.1	0	0.5	0.1	0	1	0.2	0	1	1	3.32642	3.39257	0.963106	0.942556	2.80666	0.0689009	-8.69952	-8.69952	43	2	1	0	1
0.5	0.1	0	0.5	0.1	0	1	0.2	0	1	1	2.80906	2.80335	1.0635	1.00674	2.72029	-0.00594948	-22.5936	-22.5936	44	1	1	0	1
0.5	0.1	0	0.5	0.1	0	1	0.2	0	0	0	2.88936	2.83941	0.386517	0.393343	2.59929	-0.0520301	2.62133	2.62133	44	2	1	0	1
0.5	0.1	0	0.5	0.1	0	1	0.2	0	1	1	3.4176	3.44885	0.842086	0.849461	2.7772	0.0325501	3.02915	3.02915	45	1	1	0	1
0.5	0.1	0	0.5	0.1	0	1	0.2	0	1	1	3.31187	3.34068	0.957348	0.968471	2.67354	0.0300104	4.55862	4.55862	45	2	1	0	1
0.5	0.1	0	0.5	0.1	0	1	0.2	0	0	0	2.90672	2.85897	0.347539	0.390192	2.56006	-0.0497457	16.4082	16.4082	46	1	1	0	1
0.5	0.1	0	0.5	0.1	0	1	0.2	0	1	1	2.74725	2.80346	1.0775	1.02159	2.51902	0.0585527	-23.4618	-23.4618	46	2	1	0	1
0.5	0.1	0	0.5	0.1	0	1	0.2	0	0	0	2.04033	1.9611	0.500368	0.487228	1.82066	-0.0825209	-4.93025	-4.93025	47	1	1	0	1
0.5	0.1	0	0.5	0.1	0	1	0.2	0	0	0	2.10897	2.09656	0.463037	0.393175	1.93777	-0.0129312	-27.6585	-27.6585	47	2	1	0	1
0.5	0.1	0	0.5	0.1	0	1	0.2	0	0	0	2.76001	2.77868	0.330872	0.321403	2.32432	0.0194442	-3.84753	-3.84753	48	1	1	0	1
0.5	0.1	0	0.5	0.1	0	1	0.2	0	1	1	2.69388	2.69134	0.966617	0.959578	2.419	-0.00264192	-2.80976	-2.80976	48	2	1	0	1
0.5	0.1	0	0.5	0.1	0	1	0.2	0	0	0	2.06207	1.91937	0.436772	0.500484	1.91606	-0.148646	22.7763	22.7763	49	1	1	0	1
0.5	0.1	0	0.5	0.1	0	1	0.2	0	0	0	2.02856	2.11227	0.474258	0.365889	1.79553	0.087194	-46.598	-46.598	49	2	1	0	1
0.5	0.1	0	0.5	0.1	0	1	0.2	0	0	0	2.74867	2.76654	0.334702	0.280996	2.37914	0.0186086	-21.8071	-21.8071	50	1	1	0	1
0.5	0.1	0	0.5	0.1	0	1	0.2	0	1	1	2.68412	2.63311	0.966899	0.952787	2.4203	-0.0531401	-5.41485	-5.41485	50	2	1	0	1
0.5	0.1	0	0.5	0.1	0	1	0.2	0	0	0	1.93166	1.90813	0.440181	0.441781	1.76731	-0.0245071	0.627495	0.627495	51	1	1	0	1
0.5	0.1	0	0.5	0.1	0	1	0.2	0	0	0	2.01375	2.01874	0.395262	0.362908	1.78312	0.00519173	-12.9954	-12.9954	51	2	1	0	1
0.5	0.1	0	0.5	0.1	0	1	0.2	0	1	1	3.26784	3.23475	0.924845	0.935321	2.60599	-0.0344648	4.07802	4.07802	52	1	1	0	1
0.5	0.1	0	0.5	0.1	0	1	0.2	0	1	1	3.34968	3.38333	0.832769	0.760045	2.65987	0.0350573	-29.929	-29.929	52	2	1	0	1
0.5	0.1	0	0.5	0.1	0	1	0.2	0	0	0	2.03822	2.0612	0.391011	0.390204	1.94208	0.023938	-0.329113	-0.329113	53	1	1	0	1
0.5	0.1	0	0.5	0.1	0	1	0.2	0	0	0	1.91863	1.95445	0.461757	0.464979	1.77151	0.0373101	1.32839	1.32839	53	2	1	0	1
0.5	0.1	0	0.5	0.1	0	1	0.2	0	0	0	1.99025	1.98118	0.490192	0.559612	1.80668	-0.00944769	27.5597	27.5597	54	1	1	0	1
0.5	0.1	0	0.5	0.1	0	1	0.2	0	0	0	2.09426	2.20965	0.425029	0.40551	1.92216	0.120199	-8.63852	-8.63852	54	2	1	0	1
0.5	0.1	0	0.5	0.1	0	1	0.2	0	0	0	1.96921	1.95561	0.489866	0.519627	1.79758	-0.0141695	11.7708	11.7708	55	1	1	0	1
0.5	0.1	0	0.5	0.1	0	1	0.2	0	0	0	2.12729	2.14613	0.391193	0.388605	1.99754	0.0196278	-1.05171	-1.05171	55	2	1	0	1
0.5	0.1	0	0.5	0.1	0	1	0.2	0	0	0	2.87936	2.8862	0.284827	0.315505	2.54028	0.007123	12.3416	12.3416	56	1	1	0	1
0.5	0.1	0	0.5	0.1	0	1	0.2	0	1	1	2.67705	2.71082	1.03348	1.03986	2.45451	0.0351819	2.62464	2.62464	56	2	1	0	1
0.5	0.1	0	0.5	0.1	0	1	0.2	0	0	0	2.08572	2.11949	0.556045	0.581405	1.93916	0.0351736	10.4378	10.4378	57	1	1	0	1
0.5	0.1	0	0.5	0.1	0	1	0.2	0	0	0	2.18919	2.24547	0.500886	0.499631	2.08268	0.0586222	-0.526855	-0.526855	57	2	1	0	1
0.5	0.1	0	0.5	0.1	0	1	0.2	0	1	1	2.75281	2.77313	1.00521	0.980524	2.43463	0.0211667	-10.0455	-10.0455	58	1	1	0	1
0.5	0.1	0	0.5	0.1	0	1	0.2	0	0	0	2.819	2.80629	0.351675	0.376631	2.39975	-0.0132438	9.87776	9.87776	58	2	1	0	1
0.5	0.1	0	0.5	0.1	0	1	0.2	0	0	0	2.048	2.15123	0.438331	0.496344	1.80203	0.107529	25.3895	25.3895	59	1	1	0	1
0.5	0.1	0	0.5	0.1	0	1	0.2	0	0	0	2.01585	2.11931	0.469987	0.517525	1.76963	0.107777	20.8093	20.8093	59	2	1	0	1
0.5	0.1	0	0.5	0.1	0	1	0.2	0	1	1	3.24861	3.21897	0.825819	0.780653	2.74514	-0.030879	-17.6306	-17.6306	60	1	1	0	1
0.5	0.1	0	0.5	0.1	0	1	0.2	0	1	1	3.24292	3.21221	0.832304	0.789266	2.73051	-0.0319962	-16.7852	-16.7852	60	2	1	0	1
0.5	0.1	0	0.5	0.1	0	1	0.2	0	0	0	2.80132	2.77547	0.409838	0.337609	2.376	-0.0269243	-28.2824	-28.2824	61	1	1	0	1
0.5	0.1	0	0.5	0.1	0	1	0.2	0	1	1	2.8079	2.71225	0.979985	0.956894	2.52715	-0.0996382	-8.55465	-8.55465	61	2	1	0	1
0.5	0.1	0	0.5	0.1	0	1	0.2	0	0	0	2.04808	2.05396	0.524256	0.511077	1.90427	0.00612852	-5.29754	-5.29754	62	1	1	0	1
0.5	0.1	0	0.5	0.1	0	1	0.2	0	0	0	2.15139	2.14018	0.453642	0.452897	2.02962	-0.0116729	-0.295277	-0.295277	62	2	1	0	1
0.5	0.1	0	0.5	0.1	0	1	0.2	0	0	0	2.79593	2.77809	0.350584	0.336833	2.42678	-0.0185755	-5.4197	-5.4197	63	1	1	0	1
0.5	0.1	0	0.5	0.1	0	1	0.2	0	1	1	2.73011	2.71197	0.999951	0.958841	2.50756	-0.0188992	-16.1991	-16.1991	63	2	1	0	1
0.5	0.1	0	0.5	0.1	0	1	0.2	0	1	1	3.26218	3.20889	0.788279	0.761069	2.76173	-0.0555063	-10.4209	-10.4209	64	1	1	0	1
0.5	0.1	0	0.5	0.1	0	1	0.2	0	1	1	3.21382	3.18786	0.835346	0.78822	2.71119	-0.0270464	-18.451	-18.451	64	2	1	0	1
0.5	0.1	0	0.5	0.1	0	1	0.2	0	0	0	2.09449	2.22837	0.452947	0.42567	1.80596	0.139454	-12.2807	-12.2807	65	1	1	0	1
0.5	0.1	0	0.5	0.1	0	1	0.2	0	0	0	2.0558	2.011	0.484665	0.570755	1.78498	-0.0466687	33.1966	33.1966	65	2	1	0	1
0.5	0.1	0	0.5	0.1	0	1	0.2	0	0	0	1.84545	1.95106	0.341453	0.371538	1.81368	0.11002	13.1954	13.1954	66	1	1	0	1
0.5	0.1	0	0.5	0.1	0	1	0.2	0	0	0	1.8514	1.91391	0.337615	0.398368	1.83059	0.0651128	25.6367	25.6367	66	2	1	0	1
0.5	0.1	0	0.5	0.1	0	1	0.2	0	1	1	3.34708	3.39992	0.930397	0.827517	2.83201	0.0550384	-43.0475	-43.0475	67	1	1	0	1
0.5	0.1	0	0.5	0.1	0	1	0.2	0	1	1	3.40784	3.31028	0.871143	0.92955	2.8918	-0.101619	21.6065	21.6065	67	2	1	0	1
0.5	0.1	0	0.5	0.1	0	1	0.2	0	1	1	3.33897	3.36606	0.912686	0.912428	2.79921	0.0282234	-0.105773	-0.105773	68	1	1	0	1
0.5	0.1	0	0.5	0.1	0	1	0.2	0	1	1	3.3639	3.39459	0.881877	0.880604	2.84135	0.0319719	-0.522563	-0.522563	68	2	1	0	1
0.5	0.1	0	0.5	0.1	0	1	0.2	0	0	0	2.12142	2.06729	0.479662	0.451283	1.93464	-0.056385	-10.8617	-10.8617	69	1	1	0	1
0.5	0.1	0	0.5	0.1	0	1	0.2	0	0	0	2.05074	2.04944	0.5193	0.463528	1.87815	-0.00134887	-22.2848	-22.2848	69	2	1	0	1
0.5	0.1	0	0.5	0.1	0	1	0.2	0	1	1	3.30629	3.44993	0.893941	0.89384	2.70907	0.149631	-0.0456102	-0.0456102	70	1	1	0	1
0.5	0.1	0	0.5	0.1	0	1	0.2	0	1	1	3.34508	3.38779	0.85635	0.960845	2.75625	0.0444913	43.3406	43.3406	70	2	1	0	1
0.5	0.1	0	0.5	0.1	0	1	0.2	0	0	0	2.01746	1.98704	0.451071	0.443739	1.83652	-0.0316859	-2.86033	-2.86033	71	1	1	0	1
0.5	0.1	0	0.5	0.1	0	1	0.2	0	0	0	2.00827	2.03162	0.455063	0.412524	1.79628	0.0243189	-17.3531	-17.3531	71	2	1	0	1
0.5	0.1	0	0.5	0.1	0	1	0.2	0	1	1	3.21933	3.22223	0.766955	0.82341	2.73815	0.00301234	22.6363	22.6363	72	1	1	0	1
0.5	0.1	0	0.5	0.1	0	1	0.2	0	1	1	3.17669	3.25889	0.819541	0.777614	2.73824	0.0856203	-18.0041	-18.0041	72	2	1	0	1
0.5	0.1	0	0.5	0.1	0	1	0.2	0	0	0	2.73719	2.76609	0.470329	0.366324	2.27803	0.0301039	-42.6288	-42.6288	73	1	1	0	1
0.5	0.1	0	0.5	0.1	0	1	0.2	0	1	1	2.8741	2.74823	0.98169	0.950027	2.60769	-0.131111	-11.463	-11.463	73	2	1	0	1
0.5	0.1	0	0.5	0.1	0	1	0.2	0	1	1	3.27502	3.28131	0.944809	1.00034	2.71762	0.0065473	22.3282	22.3282	74	1	1	0	1
0.5	0.1	0	0.5	0.1	0	1	0.2	0	1	1	3.38427	3.46795	0.82692	0.792078	2.77038	0.0871679	-14.9815	-14.9815	74	2	1	0	1
0.5	0.1	0	0.5	0.1	0	1	0.2	0	0	0	2.8253	2.9806	0.391945	0.384484	2.4823	0.161763	-3.42798	-3.42798	75	1	1	0	1
0.5	0.1	0	0.5	0.1	0	1	0.2	0	1	1	2.79287	2.81547	1.01505	1.11671	2.6349	0.02354	41.4457	41.4457	75	2	1	0	1
0.5	0.1	0	0.5	0.1	0	1	0.2	0	0	0	2.67074	2.72454	0.378038	0.398918	2.15656	0.0560342	8.74392	8.74392	76	1	1	0	1
0.5	0.1	0	0.5	0.1	0	1	0.2	0	1	1	2.72729	2.77977	0.905531	0.920055	2.36329	0.0546695	6.07507	6.07507	76	2	1	0	1
0.5	0.1	0	0.5	0.1	0	1	0.2	0	0	0	2.0206	2.07582	0.468424	0.441702	1.84152	0.0575216	-11.2041	-11.2041	77	1	1	0	1
0.5	0.1	0	0.5	0.1	0	1	0.2	0	0	0	2.03782	2.03513	0.456263	0.469655	1.92158	-0.00280683	5.34453	5.34453	77	2	1	0	1
0.5	0.1	0	0.5	0.1	0	1	0.2	0	0	0	2.10448	2.06362	0.388558	0.400156	1.88397	-0.0425561	4.48659	4.48659	78	1	1	0	1
0.5	0.1	0	0.5	0.1	0	1	0.2	0	0	0	1.94556	1.97012	0.495986	0.465416	1.64613	0.0255857	-12.4833	-12.4833	78	2	1	0	1
0.5	0.1	0	0.5	0.1	0	1	0.2	0	0	0	2.71235	2.79611	0.372222	0.389051	2.3245	0.0872554	7.23704	7.23704	79	1	1	0	1
0.5	0.1	0	0.5	0.1	0	1	0.2	0	1	1	2.73693	2.78708	0.947715	0.973408	2.53713	0.0522453	10.7253	10.7253	79	2	1	0	1
0.5	0.1	0	0.5	0.1	0	1	0.2	0	0	0	2.12807	2.06896	0.51874	0.491623	1.92622	-0.0615781	-10.3375	-10.3375	80	1	1	0	1
0.5	0.1	0	0.5	0.1	0	1	0.2	0	0	0	2.13637	2.11124	0.51475	0.463005	1.93628	-0.0261818	-20.2734	-20.2734	80	2	1	0	1
0.5	0.1	0	0.5	0.1	0	1	0.2	0	1	1	3.34848	3.41595	0.878208	0.807954	2.9209	0.0702787	-29.7755	-29.7755	81	1	1	0	1
0.5	0.1	0	0.5	0.1	0	1	0.2	0	1	1	3.35429	3.29191	0.865853	0.949141	2.93807	-0.064978	31.6689	31.6689	81	2	1	0	1
0.5	0.1	0	0.5	0.1	0	1	0.2	0	1	1	2.75476	2.70178	0.92621	0.891667	2.4123	-0.0551836	-13.2331	-13.2331	82	1	1	0	1
0.5	0.1	0	0.5	0.1	0	1	0.2	0	0	0	2.73095	2.68668	0.368671	0.351027	2.23441	-0.0461108	-6.80656	-6.80656	82	2	1	0	1
0.5	0.1	0	0.5	0.1	0	1	0.2	0	0	0	1.98131	2.00634	0.456759	0.459886	1.79402	0.026076	1.27722	1.27722	83	1	1	0	1
0.5	0.1	0	0.5	0.1	0	1	0.2	0	0	0	2.02407	2.05853	0.421395	0.42369	1.91122	0.0358964	0.945088	0.945088	83	2	1	0	1
0.5	0.1	0	0.5	0.1	0	1	0.2	0	1	1	2.74318	2.76816	0.997581	0.949252	2.38244	0.0260141	-19.7424	-19.7424	84	1	1	0	1
0.5	0.1	0	0.5	0.1	0	1	0.2	0	0	0	2.79847	2.76451	0.349129	0.381439	2.34599	-0.0353731	12.5686	12.5686	84	2	1	0	1
0.5	0.1	0	0.5	0.1	0	1	0.2	0	1	1	2.82792	2.72178	1.04231	1.01561	2.42299	-0.110559	-9.81162	-9.81162	85	1	1	0	1
0.5	0.1	0	0.5	0.1	0	1	0.2	0	0	0	2.84677	2.85411	0.4166	0.329218	2.29868	0.00764007	-35.1676	-35.1676	85	2	1	0	1
0.5	0.1	0	0.5	0.1	0	1	0.2	0	0	0	2.82811	2.85634	0.446637	0.407436	2.36808	0.0294067	-16.0585	-16.0585	86	1	1	0	1
0.5	0.1	0	0.5	0.1	0	1	0.2	0	1	1	2.88433	2.82555	1.02416	1.02101	2.57541	-0.0612364	-1.20099	-1.20099	86	2	1	0	1
0.5	0.1	0	0.5	0.1	0	1	0.2	0	1	1	2.70016	2.69875	0.995824	0.998396	2.32718	-0.00146847	1.02743	1.02743	87	1	1	0	1
0.5	0.1	0	0.5	0.1	0	1	0.2	0	0	0	2.79836	2.83096	0.328419	0.316194	2.32484	0.0339538	-5.0265	-5.0265	87	2	1	0	1
0.5	0.1	0	0.5	0.1	0	1	0.2	0	1	1	2.56941	2.68778	0.846341	0.745538	2.2922	0.123306	-44.7338	-44.7338	88	1	1	0	1
0.5	0.1	0	0.5	0.1	0	1	0.2	0	0	0	2.57175	2.48306	0.289665	0.401882	2.10889	-0.0923833	41.7976	41.7976	88	2	1	0	1
0.5	0.1	0	0.5	0.1	0	1	0.2	0	0	0	2.01091	2.07646	0.487459	0.385987	1.8006	0.0682824	-42.9342	-42.9342	89	1	1	0	1
0.5	0.1	0	0.5	0.1	0	1	0.2	0	0	0	2.10406	1.94885	0.42312	0.475183	1.9339	-0.161676	18.44	18.44	89	2	1	0	1
0.5	0.1	0	0.5	0.1	0	1	0.2	0	1	1	3.43035	3.47608	0.83064	0.841407	3.09676	0.0476323	4.47735	4.47735	90	1	1	0	1
0.5	0.1	0	0.5	0.1	0	1	0.2	0	1	1	3.31353	3.33473	0.963787	0.995319	2.95071	0.0220799	12.8397	12.8397	90	2	1	0	1
0.5	0.1	0	0.5	0.1	0	1	0.2	0	1	1	3.34474	3.27518	0.877042	0.830273	2.90505	-0.0724516	-17.6828	-17.6828	91	1	1	0	1
0.5	0.1	0	0.5	0.1	0	1	0.2	0	1	1	3.35431	3.28355	0.866175	0.820141	2.92723	-0.0737116	-17.3883	-17.3883	91	2	1	0	1
0.5	0.1	0	0.5	0.1	0	1	0.2	0	0	0	2.10472	2.12921	0.438612	0.228794	1.98848	0.0255182	-85.6762	-85.6762	92	1	1	0	1
0.5	0.1	0	0.5	0.1	0	1	0.2	0	0	0	1.99304	1.70375	0.492319	0.536508	1.88048	-0.301344	14.242	14.242	92	2	1	0	1
0.5	0.1	0	0.5	0.1	0	1	0.2	0	1	1	2.69197	2.69055	1.01396	0.920029	2.39194	-0.00147221	-37.5272	-37.5272	93	1	1	0	1
0.5	0.1	0	0.5	0.1	0	1	0.2	0	0	0	2.83118	2.7251	0.303509	0.333175	2.33328	-0.110498	10.9026	10.9026	93	2	1	0	1
0.5	0.1	0	0.5	0.1	0	1	0.2	0	0	0	2.73094	2.70498	0.328953	0.329209	2.26693	-0.0270438	0.100346	0.100346	94	1	1	0	1
0.5	0.1	0	0.5	0.1	0	1	0.2	0	1	1	2.69037	2.67836	0.950159	0.905563	2.37534	-0.0125106	-17.6619	-17.6619	94	2	1	0	1
0.5	0.1	0	0.5	0.1	0	1	0.2	0	1	1	3.44541	3.45449	0.980712	0.980279	3.04747	0.00945974	-0.174446	-0.174446	95	1	1	0	1
0.5	0.1	0	0.5	0.1	0	1	0.2	0	1	1	3.45907	3.47827	0.973856	0.955713	3.07187	0.0200078	-7.37545	-7.37545	95	2	1	0	1
0.5	0.1	0	0.5	0.1	0	1	0.2	0	1	1	2.66757	2.63066	0.919036	0.915951	2.41616	-0.0384559	-1.19696	-1.19696	96	1	1	0	1
0.5	0.1	0	0.5	0.1	0	1	0.2	0	0	0	2.69714	2.71641	0.321429	0.2913	2.24868	0.020071	-12.2479	-12.2479	96	2	1	0	1
0.5	0.1	0	0.5	0.1	0	1	0.2	0	1	1	3.41453	3.52228	0.920619	0.963287	2.81077	0.112238	18.7508	18.7508	97	1	1	0	1
0.5	0.1	0	0.5	0.1	0	1	0.2	0	1	1	3.37297	3.46298	0.958969	1.023	2.80616	0.0937576	27.6913	27.6913	97	2	1	0	1
0.5	0.1	0	0.5	0.1	0	1	0.2	0	1	1	3.4095	3.46814	0.915223	0.943677	2.8758	0.0610763	11.9664	11.9664	98	1	1	0	1
0.5	0.1	0	0.5	0.1	0	1	0.2	0	1	1	3.39482	3.44147	0.9354	0.97152	2.82337	0.0485991	15.0328	15.0328	98	2	1	0	1
0.5	0.1	0	0.5	0.1	0	1	0.2	0	0	0	2.00593	1.89264	0.419731	0.504604	1.88435	-0.118014	31.0206	31.0206	99	1	1	0	1
0.5	0.1	0	0.5	0.1	0	1	0.2	0	0	0	2.02291	2.11508	0.404664	0.348688	1.91076	0.0960125	-24.2535	-24.2535	99	2	1	0	1
0.5	0.1	0	0.5	0.1	0	1	0.2	0	0	0	2.73647	2.83566	0.416289	0.323922	2.2157	0.103317	-40.2757	-40.2757	100	1	1	0	1
0.5	0.1	0	0.5	0.1	0	1	0.2	0	1	1	2.82658	2.71025	0.939575	1.00179	2.42155	-0.121172	22.6853	22.6853	100	2	1	0	1
0.5	0.1	0	0.5	0.1	0	1	0.2	0	1	1	2.80431	2.76866	1.05269	1.09607	2.48628	-0.0371324	16.8514	16.8514	101	1	1	0	1
0.5	0.1	0	0.5	0.1	0	1	0.2	0	0	0	2.89924	2.95811	0.388151	0.349988	2.37078	0.0613271	-16.0529	-16.0529	101	2	1	0	1
0.5	0.1	0	0.5	0.1	0	1	0.2	0	0	0	2.04339	1.89939	0.428462	0.359826	1.90555	-0.150001	-24.5128	-24.5128	102	1	1	0	1
0.5	0.1	0	0.5	0.1	0	1	0.2	0	0	0	2.0336	1.88763	0.443644	0.36845	1.90141	-0.15205	-26.8157	-26.8157	102	2	1	0	1
0.5	0.1	0	0.5	0.1	0	1	0.2	0	0	0	2.1329	1.97139	0.446874	0.461798	1.94304	-0.168235	5.26164	5.26164	103	1	1	0	1
0.5	0.1	0	0.5	0.1	0	1	0.2	0	0	0	2.04206	2.05813	0.505617	0.401209	1.82664	0.0167338	-42.3297	-42.3297	103	2	1	0	1
0.5	0.1	0	0.5	0.1	0	1	0.2	0	1	1	3.3634	3.34169	0.935526	0.870602	2.83966	-0.0226055	-25.5085	-25.5085	104	1	1	0	1
0.5	0.1	0	0.5	0.1	0	1	0.2	0	1	1	3.4047	3.34461	0.881664	0.867247	2.90251	-0.0625907	-5.49167	-5.49167	104	2	1	0	1
0.5	0.1	0	0.5	0.1	0	1	0.2	0	0	0	2.73946	2.85636	0.511745	0.540302	2.2431	0.121764	12.6555	12.6555	105	1	1	0	1
0.5	0.1	0	0.5	0.1	0	1	0.2	0	1	1	2.92821	2.99634	0.974332	1.04526	2.6283	0.0709696	30.0783	30.0783	105	2	1	0	1
0.5	0.1	0	0.5	0.1	0	1	0.2	0	0	0	2.81716	2.79637	0.406858	0.234175	2.41865	-0.0216578	-67.8967	-67.8967	106	1	1	0	1
0.5	0.1	0	0.5	0.1	0	1	0.2	0	1	1	2.79581	2.57905	1.018	0.978683	2.58284	-0.225787	-13.3216	-13.3216	106	2	1	0	1
0.5	0.1	0	0.5	0.1	0	1	0.2	0	0	0	2.08857	2.07568	0.418501	0.381671	1.85912	-0.0134269	-14.5755	-14.5755	107	1	1	0	1
0.5	0.1	0	0.5	0.1	0	1	0.2	0	0	0	1.97912	1.94208	0.479509	0.475205	1.82306	-0.0385815	-1.67032	-1.67032	107	2	1	0	1
0.5	0.1	0	0.5	0.1	0	1	0.2	0	1	1	3.36266	3.47064	0.893892	0.919233	2.87682	0.11248	11.139	11.139	108	1	1	0	1
0.5	0.1	0	0.5	0.1	0	1	0.2	0	1	1	3.34977	3.41625	0.902615	0.976617	2.86446	0.0692459	31.337	31.337	108	2	1	0	1
0.5	0.1	0	0.5	0.1	0	1	0.2	0	1	1	2.70354	2.71435	0.888999	0.806148	2.29138	0.0112605	-33.4413	-33.4413	109	1	1	0	1
0.5	0.1	0	0.5	0.1	0	1	0.2	0	0	0	2.64689	2.56859	0.36787	0.393345	2.07573	-0.0815693	9.56563	9.56563	109	2	1	0	1
0.5	0.1	0	0.5	0.1	0	1	0.2	0	0	0	2.82544	2.90848	0.343372	0.363055	2.42583	0.0864997	8.45863	8.45863	110	1	1	0	1
0.5	0.1	0	0.5	0.1	0	1	0.2	0	1	1	2.77655	2.77761	1.00449	1.05814	2.50213	0.00110264	21.4806	21.4806	110	2	1	0	1
0.5	0.1	0	0.5	0.1	0	1	0.2	0	1	1	3.24315	3.31012	0.86311	0.948292	2.77509	0.0697632	36.087	36.087	111	1	1	0	1
0.5	0.1	0	0.5	0.1	0	1	0.2	0	1	1	3.30497	3.41995	0.800677	0.824381	2.81339	0.119776	10.4863	10.4863	111	2	1	0	1
0.5	0.1	0	0.5	0.1	0	1	0.2	0	1	1	3.30305	3.347	0.932558	0.890415	2.80729	0.0457824	-17.498	-17.498	112	1	1	0	1
0.5	0.1	0	0.5	0.1	0	1	0.2	0	1	1	3.39894	3.36702	0.832253	0.867636	2.90633	-0.0332471	13.7866	13.7866	112	2	1	0	1
0.5	0.1	0	0.5	0.1	0	1	0.2	0	0	0	2.68431	2.73592	0.307582	0.341868	2.3638	0.0537595	14.3311	14.3311	113	1	1	0	1
0.5	0.1	0	0.5	0.1	0	1	0.2	0	1	1	2.6594	2.70589	0.902234	0.92773	2.49786	0.0484199	10.6094	10.6094	113	2	1	0	1
0.5	0.1	0	0.5	0.1	0	1	0.2	0	0	0	2.83505	2.82771	0.335707	0.283246	2.46833	-0.00763857	-20.8572	-20.8572	114	1	1	0	1
0.5	0.1	0	0.5	0.1	0	1	0.2	0	1	1	2.72966	2.65382	1.01427	0.997249	2.54059	-0.0789949	-6.40331	-6.40331	114	2	1	0	1
0.5	0.1	0	0.5	0.1	0	1	0.2	0	0	0	2.02434	2.00316	0.410424	0.473914	1.78625	-0.0220659	24.9552	24.9552	115	1	1	0	1
0.5	0.1	0	0.5	0.1	0	1	0.2	0	0	0	1.99932	2.07997	0.429183	0.420843	1.83001	0.0840062	-3.57629	-3.57629	115	2	1	0	1
0.5	0.1	0	0.5	0.1	0	1	0.2	0	0	0	2.09394	2.12677	0.390809	0.440356	2.04322	0.0341922	20.3761	20.3761	116	1	1	0	1
0.5	0.1	0	0.5	0.1	0	1	0.2	0	0	0	1.91544	2.03473	0.49525	0.502901	1.86801	0.124255	3.39836	3.39836	116	2	1	0	1
0.5	0.1	0	0.5	0.1	0	1	0.2	0	0	0	2.75289	2.80898	0.455877	0.422566	2.18734	0.0584201	-13.9774	-13.9774	117	1	1	0	1
0.5	0.1	0	0.5	0.1	0	1	0.2	0	1	1	2.87558	2.83495	0.987985	0.985772	2.40789	-0.0423249	-0.856217	-0.856217	117	2	1	0	1
0.5	0.1	0	0.5	0.1	0	1	0.2	0	0	0	2.04803	2.02247	0.425386	0.449059	1.89905	-0.0266184	9.27172	9.27172	118	1	1	0	1
0.5	0.1	0	0.5	0.1	0	1	0.2	0	0	0	1.97291	2.04309	0.471836	0.434763	1.83665	0.073099	-15.75	-15.75	118	2	1	0	1
0.5	0.1	0	0.5	0.1	0	1	0.2	0	0	0	2.66214	2.70391	0.399137	0.407088	2.25097	0.0435056	3.29487	3.29487	119	1	1	0	1
0.5	0.1	0	0.5	0.1	0	1	0.2	0	1	1	2.7468	2.78429	0.905826	0.905053	2.51271	0.0390517	-0.318927	-0.318927	119	2	1	0	1
0.5	0.1	0	0.5	0.1	0	1	0.2	0	0	0	2.07871	2.17864	0.440179	0.418679	1.978	0.1041	-9.3815	-9.3815	120	1	1	0	1
0.5	0.1	0	0.5	0.1	0	1	0.2	0	0	0	2.02374	2.00182	0.473406	0.538276	1.95439	-0.022836	25.4823	25.4823	120	2	1	0	1
0.5	0.1	0	0.5	0.1	0	1	0.2	0	0	0	2.11733	2.10599	0.524282	0.519991	2.01743	-0.0118158	-1.70018	-1.70018	121	1	1	0	1
0.5	0.1	0	0.5	0.1	0	1	0.2	0	0	0	2.14257	2.15489	0.505344	0.487467	2.05188	0.0128356	-7.22486	-7.22486	121	2	1	0	1
0.5	0.1	0	0.5	0.1	0	1	0.2	0	1	1	2.89938	2.80686	1.00898	0.977603	2.62854	-0.0963767	-11.6506	-11.6506	122	1	1	0	1
0.5	0.1	0	0.5	0.1	0	1	0.2	0	0	0	2.78562	2.80048	0.473273	0.403015	2.35443	0.0154832	-28.4557	-28.4557	122	2	1	0	1
0.5	0.1	0	0.5	0.1	0	1	0.2	0	0	0	2.02382	1.96513	0.506993	0.502326	1.76677	-0.0611377	-1.77955	-1.77955	123	1	1	0	1
0.5	0.1	0	0.5	0.1	0	1	0.2	0	0	0	2.12361	2.12037	0.428123	0.395173	1.97068	-0.00338146	-13.1444	-13.1444	123	2	1	0	1
0.5	0.1	0	0.5	0.1	0	1	0.2	0	0	0	2.63447	2.68655	0.292237	0.299895	2.20637	0.0542479	3.20228	3.20228	124	1	1	0	1
0.5	0.1	0	0.5	0.1	0	1	0.2	0	1	1	2.60243	2.63181	0.875432	0.893979	2.28635	0.030612	7.60504	7.60504	124	2	1	0	1
0.5	0.1	0	0.5	0.1	0	1	0.2	0	1	1	2.84145	2.80956	0.950041	0.971517	2.53892	-0.0332197	8.36811	8.36811	125	1	1	0	1
0.5	0.1	0	0.5	0.1	0	1	0.2	0	0	0	2.70427	2.79217	0.451409	0.406637	2.23643	0.0915575	-19.3244	-19.3244	125	2	1	0	1
0.5	0.1	0	0.5	0.1	0	1	0.2	0	0	0	2.80868	2.73047	0.375913	0.27154	2.41499	-0.0814705	-39.1943	-39.1943	126	1	1	0	1
0.5	0.1	0	0.5	0.1	0	1	0.2	0	1	1	2.75305	2.6086	1.02288	0.927655	2.57878	-0.150468	-33.9961	-33.9961	126	2	1	0	1
0.5	0.1	0	0.5	0.1	0	1	0.2	0	0	0	2.08789	2.244	0.478187	0.513475	1.92264	0.162615	16.2261	16.2261	127	1	1	0	1
0.5	0.1	0	0.5	0.1	0	1	0.2	0	0	0	2.06257	2.13972	0.487559	0.580875	1.91327	0.0803605	39.8908	39.8908	127	2	1	0	1
0.5	0.1	0	0.5	0.1	0	1	0.2	0	1	1	2.74175	2.734	0.959747	0.980264	2.45699	-0.00807278	8.15418	8.15418	128	1	1	0	1
0.5	0.1	0	0.5	0.1	0	1	0.2	0	0	0	2.7493	2.80691	0.370258	0.347252	2.26837	0.0600141	-9.66643	-9.66643	128	2	1	0	1
0.5	0.1	0	0.5	0.1	0	1	0.2	0	1	1	3.41361	3.39622	0.844908	0.770249	2.8922	-0.0181194	-29.4371	-29.4371	129	1	1	0	1
0.5	0.1	0	0.5	0.1	0	1	0.2	0	1	1	3.31277	3.2481	0.952878	0.943145	2.82172	-0.0673708	-3.69394	-3.69394	129	2	1	0	1
0.5	0.1	0	0.5	0.1	0	1	0.2	0	1	1	3.40192	3.34148	0.924313	0.858684	2.87668	-0.0629516	-24.9931	-24.9931	130	1	1	0	1
0.5	0.1	0	0.5	0.1	0	1	0.2	0	1	1	3.40817	3.3318	0.913142	0.869887	2.88986	-0.0795535	-16.267	-16.267	130	2	1	0	1
0.5	0.1	0	0.5	0.1	0	1	0.2	0	0	0	2.75799	2.90688	0.33301	0.214487	2.38499	0.155098	-54.1251	-54.1251	131	1	1	0	1
0.5	0.1	0	0.5	0.1	0	1	0.2	0	1	1	2.70032	2.58142	0.965562	1.06108	2.49491	-0.123855	34.7635	34.7635	131	2	1	0	1
0.5	0.1	0	0.5	0.1	0	1	0.2	0	1	1	2.67116	2.68609	0.938885	1.0197	2.34382	0.0155609	32.7335	32.7335	132	1	1	0	1
0.5	0.1	0	0.5	0.1	0	1	0.2	0	0	0	2.71693	2.85906	0.324372	0.301486	2.23531	0.148046	-10.3841	-10.3841	132	2	1	0	1
0.5	0.1	0	0.5	0.1	0	1	0.2	0	1	1	2.77283	2.7229	1.01693	1.02936	2.49816	-0.0520025	4.77055	4.77055	133	1	1	0	1
0.5	0.1	0	0.5	0.1	0	1	0.2	0	0	0	2.83811	2.87232	0.364412	0.326927	2.38772	0.0356412	-15.4337	-15.4337	133	2	1	0	1
0.5	0.1	0	0.5	0.1	0	1	0.2	0	1	1	2.58473	2.71103	0.973661	0.977947	2.4594	0.131565	1.91639	1.91639	134	1	1	0	1
0.5	0.1	0	0.5	0.1	0	1	0.2	0	0	0	2.77539	2.80377	0.233644	0.330749	2.44974	0.0295676	39.7832	39.7832	134	2	1	0	1
0.5	0.1	0	0.5	0.1	0	1	0.2	0	0	0	2.82381	2.81377	0.334551	0.242337	2.43518	-0.0104571	-36.5795	-36.5795	135	1	1	0	1
0.5	0.1	0	0.5	0.1	0	1	0.2	0	1	1	2.70101	2.59509	1.0173	0.990333	2.48069	-0.110334	-9.91229	-9.91229	135	2	1	0	1
0.5	0.1	0	0.5	0.1	0	1	0.2	0	1	1	2.73795	2.76521	0.958991	0.930613	2.62879	0.0283885	-11.615	-11.615	136	1	1	0	1
0.5	0.1	0	0.5	0.1	0	1	0.2	0	0	0	2.76131	2.73941	0.357952	0.384784	2.43196	-0.0228076	10.5407	10.5407	136	2	1	0	1
0.5	0.1	0	0.5	0.1	0	1	0.2	0	1	1	3.44149	3.41127	0.886744	0.892325	2.92668	-0.0314861	2.17753	2.17753	137	1	1	0	1
0.5	0.1	0	0.5	0.1	0	1	0.2	0	1	1	3.34803	3.38123	0.977575	0.925373	2.88736	0.0345821	-21.475	-21.475	137	2	1	0	1
0.5	0.1	0	0.5	0.1	0	1	0.2	0	1	1	3.33076	3.17646	0.836212	0.863493	2.8784	-0.160731	9.66895	9.66895	138	1	1	0	1
0.5	0.1	0	0.5	0.1	0	1	0.2	0	1	1	3.29977	3.28458	0.870746	0.72758	2.86544	-0.0158172	-56.5507	-56.5507	138	2	1	0	1
0.5	0.1	0	0.5	0.1	0	1	0.2	0	1	1	3.06133	3.01423	0.855616	0.807677	2.6375	-0.0490633	-18.4514	-18.4514	139	1	1	0	1
0.5	0.1	0	0.5	0.1	0	1	0.2	0	1	1	3.21482	3.15079	0.659509	0.615815	2.7821	-0.0667034	-16.5919	-16.5919	139	2	1	0	1
0.5	0.1	0	0.5	0.1	0	1	0.2	0	0	0	2.76316	2.85315	0.404119	0.423085	2.33416	0.0937305	8.20138	8.20138	140	1	1	0	1
0.5	0.1	0	0.5	0.1	0	1	0.2	0	1	1	2.80029	2.84538	0.974772	1.02014	2.55505	0.0469681	18.8575	18.8575	140	2	1	0	1
0.5	0.1	0	0.5	0.1	0	1	0.2	0	0	0	2.01552	2.00229	0.497895	0.595222	1.84068	-0.0137878	38.5062	38.5062	141	1	1	0	1
0.5	0.1	0	0.5	0.1	0	1	0.2	0	0	0	2.14137	2.26467	0.436151	0.421259	1.91074	0.128428	-6.63879	-6.63879	141	2	1	0	1
0.5	0.1	0	0.5	0.1	0	1	0.2	0	1	1	2.83435	2.90776	1.00758	0.967404	2.50826	0.0764634	-17.1177	-17.1177	142	1	1	0	1
0.5	0.1	0	0.5	0.1	0	1	0.2	0	0	0	2.79738	2.77511	0.42434	0.483631	2.33492	-0.0231988	23.2844	23.2844	142	2	1	0	1
0.5	0.1	0	0.5	0.1	0	1	0.2	0	0	0	2.07744	2.10271	0.452648	0.474111	1.86919	0.0263214	8.76993	8.76993	143	1	1	0	1
0.5	0.1	0	0.5	0.1	0	1	0.2	0	0	0	2.08454	2.08566	0.464727	0.485632	1.84332	0.00116076	8.36987	8.36987	143	2	1	0	1
0.5	0.1	0	0.5	0.1	0	1	0.2	0	1	1	3.38528	3.37104	0.836211	0.83627	2.98241	-0.0148379	0.0234409	0.0234409	144	1	1	0	1
0.5	0.1	0	0.5	0.1	0	1	0.2	0	1	1	3.31191	3.31426	0.915758	0.901617	2.89012	0.00243954	-5.66758	-5.66758	144	2	1	0	1
0.5	0.1	0	0.5	0.1	0	1	0.2	0	0	0	1.91966	1.77921	0.388567	0.403882	1.90544	-0.146297	5.48412	5.48412	145	1	1	0	1
0.5	0.1	0	0.5	0.1	0	1	0.2	0	0	0	1.94452	1.93474	0.373571	0.288341	1.96344	-0.0101821	-33.8166	-33.8166	145	2	1	0	1
0.5	0.1	0	0.5	0.1	0	1	0.2	0	0	0	1.92124	1.90041	0.424443	0.384344	1.79722	-0.0216951	-15.7662	-15.7662	146	1	1	0	1
0.5	0.1	0	0.5	0.1	0	1	0.2	0	0	0	1.99242	1.92675	0.383888	0.365191	1.83217	-0.0684057	-7.091	-7.091	146	2	1	0	1
0.5	0.1	0	0.5	0.1	0	1	0.2	0	1	1	2.66811	2.7179	0.938995	0.981843	2.30404	0.0518721	17.8812	17.8812	147	1	1	0	1
0.5	0.1	0	0.5	0.1	0	1	0.2	0	0	0	2.72684	2.80905	0.320297	0.33481	2.29178	0.0856349	6.23214	6.23214	147	2	1	0	1
0.5	0.1	0	0.5	0.1	0	1	0.2	0	1	1	3.37706	3.30606	0.935529	0.940699	2.91727	-0.0739559	1.95244	1.95244	148	1	1	0	1
0.5	0.1	0	0.5	0.1	0	1	0.2	0	1	1	3.41951	3.41075	0.885186	0.82191	2.93329	-0.00912339	-25.1269	-25.1269	148	2	1	0	1
0.5	0.1	0	0.5	0.1	0	1	0.2	0	0	0	2.07074	2.18424	0.407209	0.348548	1.94119	0.118229	-25.9159	-25.9159	149	1	1	0	1
0.5	0.1	0	0.5	0.1	0	1	0.2	0	0	0	1.98577	1.894	0.421581	0.548894	1.85307	-0.0955956	47.3076	47.3076	149	2	1	0	1
0.5	0.1	0	0.5	0.1	0	1	0.2	0	1	1	2.62997	2.58917	0.924885	0.783325	2.31102	-0.0425055	-54.7619	-54.7619	150	1	1	0	1
0.5	0.1	0	0.5	0.1	0	1	0.2	0	0	0	2.67932	2.53054	0.299544	0.315616	2.24677	-0.154982	5.71978	5.71978	150	2	1	0	1
0.5	0.1	0	0.5	0.1	0	1	0.2	0	0	0	1.99793	2.01598	0.517935	0.529828	1.68664	0.0188097	4.82976	4.82976	151	1	1	0	1
0.5	0.1	0	0.5	0.1	0	1	0.2	0	0	0	2.14097	2.1667	0.426898	0.427917	1.82106	0.0268007	0.416594	0.416594	151	2	1	0	1
0.5	0.1	0	0.5	0.1	0	1	0.2	0	0	0	2.15909	2.28206	0.407434	0.459077	1.88862	0.128095	23.016	23.016	152	1	1	0	1
0.5	0.1	0	0.5	0.1	0	1	0.2	0	0	0	1.94949	2.05694	0.549865	0.605972	1.63048	0.111934	24.65	24.65	152	2	1	0	1
0.5	0.1	0	0.5	0.1	0	1	0.2	0	1	1	3.3538	3.30915	0.777468	0.673837	2.88213	-0.0465076	-39.9653	-39.9653	153	1	1	0	1
0.5	0.1	0	0.5	0.1	0	1	0.2	0	1	1	3.22624	3.1254	0.917233	0.906392	2.77114	-0.105035	-4.00037	-4.00037	153	2	1	0	1
0.5	0.1	0	0.5	0.1	0	1	0.2	0	0	0	2.77673	2.92532	0.357109	0.320985	2.35328	0.154789	-16.4918	-16.4918	154	1	1	0	1
0.5	0.1	0	0.5	0.1	0	1	0.2	0	1	1	2.72747	2.72573	0.988603	1.06967	2.40693	-0.00180981	32.3785	32.3785	154	2	1	0	1
0.5	0.1	0	0.5	0.1	0	1	0.2	0	1	1	2.92061	2.89344	1.023	1.02088	2.76602	-0.0282973	-0.82936	-0.82936	155	1	1	0	1
0.5	0.1	0	0.5	0.1	0	1	0.2	0	0	0	2.81398	2.84754	0.482511	0.460818	2.43858	0.0349605	-8.92671	-8.92671	155	2	1	0	1
0.5	0.1	0	0.5	0.1	0	1	0.2	0	1	1	3.25525	3.31949	0.959213	1.01928	2.73795	0.0669191	25.3849	25.3849	156	1	1	0	1
0.5	0.1	0	0.5	0.1	0	1	0.2	0	1	1	3.41671	3.49808	0.796965	0.825686	2.85541	0.0847617	12.324	12.324	156	2	1	0	1
0.5	0.1	0	0.5	0.1	0	1	0.2	0	1	1	3.37587	3.37302	0.925471	0.911035	2.92732	-0.00297648	-5.76043	-5.76043	157	1	1	0	1
0.5	0.1	0	0.5	0.1	0	1	0.2	0	1	1	3.4245	3.39449	0.885889	0.887155	2.982	-0.031269	0.493972	0.493972	157	2	1	0	1
0.5	0.1	0	0.5	0.1	0	1	0.2	0	1	1	3.20434	3.3245	0.734904	0.683228	2.53485	0.125174	-22.9705	-22.9705	158	1	1	0	1
0.5	0.1	0	0.5	0.1	0	1	0.2	0	1	1	3.13494	3.13927	0.822036	0.915026	2.49415	0.00450795	37.3306	37.3306	158	2	1	0	1
0.5	0.1	0	0.5	0.1	0	1	0.2	0	1	1	3.39469	3.40576	0.841127	0.865691	2.82358	0.0115346	9.91688	9.91688	159	1	1	0	1
0.5	0.1	0	0.5	0.1	0	1	0.2	0	1	1	3.29084	3.35204	0.946852	0.925664	2.78982	0.0637589	-8.93086	-8.93086	159	2	1	0	1
0.5	0.1	0	0.5	0.1	0	1	0.2	0	0	0	2.85357	2.73484	0.327113	0.266226	2.46841	-0.123677	-22.162	-22.162	160	1	1	0	1
0.5	0.1	0	0.5	0.1	0	1	0.2	0	1	1	2.69768	2.60286	1.06536	0.931277	2.43744	-0.0987705	-49.7045	-49.7045	160	2	1	0	1
0.5	0.1	0	0.5	0.1	0	1	0.2	0	1	1	2.75742	2.82808	1.02065	0.989151	2.56782	0.0736028	-13.3863	-13.3863	161	1	1	0	1
0.5	0.1	0	0.5	0.1	0	1	0.2	0	0	0	2.84976	2.81411	0.354748	0.416462	2.45769	-0.0371356	23.9732	23.9732	161	2	1	0	1
0.5	0.1	0	0.5	0.1	0	1	0.2	0	1	1	3.45077	3.36311	0.894516	0.816171	2.99152	-0.0913167	-29.2047	-29.2047	162	1	1	0	1
0.5	0.1	0	0.5	0.1	0	1	0.2	0	1	1	3.35604	3.29106	0.972932	0.900125	2.91743	-0.0676879	-27.627	-27.627	162	2	1	0	1
0.5	0.1	0	0.5	0.1	0	1	0.2	0	0	0	2.09736	1.9793	0.496711	0.463842	1.96592	-0.122974	-11.9701	-11.9701	163	1	1	0	1
0.5	0.1	0	0.5	0.1	0	1	0.2	0	0	0	2.10267	2.06213	0.494839	0.406123	1.99742	-0.0422327	-34.3267	-34.3267	163	2	1	0	1
0.5	0.1	0	0.5	0.1	0	1	0.2	0	0	0	2.74953	2.77377	0.332628	0.289347	2.3124	0.0252423	-17.6691	-17.6691	164	1	1	0	1
0.5	0.1	0	0.5	0.1	0	1	0.2	0	1	1	2.69112	2.64662	0.956319	0.957455	2.42293	-0.0463552	0.437982	0.437982	164	2	1	0	1
0.5	0.1	0	0.5	0.1	0	1	0.2	0	1	1	2.75417	2.73504	0.971183	0.892808	2.5083	-0.0199239	-30.8581	-30.8581	165	1	1	0	1
0.5	0.1	0	0.5	0.1	0	1	0.2	0	0	0	2.76969	2.68847	0.362269	0.374865	2.31463	-0.0846071	4.71906	4.71906	165	2	1	0	1
0.5	0.1	0	0.5	0.1	0	1	0.2	0	1	1	3.35135	3.3602	0.979453	0.984618	2.83932	0.0092253	2.08124	2.08124	166	1	1	0	1
0.5	0.1	0	0.5	0.1	0	1	0.2	0	1	1	3.42425	3.47004	0.892671	0.865907	2.89042	0.0477049	-11.1301	-11.1301	166	2	1	0	1
0.5	0.1	0	0.5	0.1	0	1	0.2	0	1	1	3.42059	3.44754	0.735787	0.73306	2.97301	0.0280739	-1.11553	-1.11553	167	1	1	0	1
0.5	0.1	0	0.5	0.1	0	1	0.2	0	1	1	3.19938	3.21536	0.980361	1.00087	2.76546	0.0166515	8.31228	8.31228	167	2	1	0	1
0.5	0.1	0	0.5	0.1	0	1	0.2	0	1	1	2.71593	2.71701	0.910259	0.93334	2.51858	0.00112657	9.24078	9.24078	168	1	1	0	1
0.5	0.1	0	0.5	0.1	0	1	0.2	0	0	0	2.72216	2.74367	0.336496	0.348255	2.29493	0.0224098	4.78951	4.78951	168	2	1	0	1
0.5	0.1	0	0.5	0.1	0	1	0.2	0	1	1	3.29458	3.34954	0.966946	0.983244	2.75081	0.0572541	6.83215	6.83215	169	1	1	0	1
0.5	0.1	0	0.5	0.1	0	1	0.2	0	1	1	3.43834	3.46645	0.819201	0.856132	2.84949	0.0292719	15.1267	15.1267	169	2	1	0	1
0.5	0.1	0	0.5	0.1	0	1	0.2	0	0	0	2.03381	1.9567	0.437713	0.492344	1.8826	-0.0803204	20.533	20.533	170	1	1	0	1
0.5	0.1	0	0.5	0.1	0	1	0.2	0	0	0	2.02729	2.10403	0.455699	0.390121	1.78364	0.0799373	-28.0235	-28.0235	170	2	1	0	1
0.5	0.1	0	0.5	0.1	0	1	0.2	0	1	1	3.45678	3.38026	0.870681	0.876189	2.93829	-0.079705	2.07125	2.07125	171	1	1	0	1
0.5	0.1	0	0.5	0.1	0	1	0.2	0	1	1	3.34278	3.35875	0.997199	0.900401	2.81998	0.0166415	-39.2414	-39.2414	171	2	1	0	1
0.5	0.1	0	0.5	0.1	0	1	0.2	0	1	1	2.66405	2.69074	0.974556	1.06	2.31882	0.0278018	34.9532	34.9532	172	1	1	0	1
0.5	0.1	0	0.5	0.1	0	1	0.2	0	0	0	2.78462	2.91251	0.305819	0.296172	2.28842	0.133215	-4.31933	-4.31933	172	2	1	0	1
0.5	0.1	0	0.5	0.1	0	1	0.2	0	1	1	2.78866	2.75516	0.971636	1.00907	2.39145	-0.0348996	14.5675	14.5675	173	1	1	0	1
0.5	0.1	0	0.5	0.1	0	1	0.2	0	0	0	2.7579	2.84492	0.397432	0.355989	2.2587	0.0906511	-17.8736	-17.8736	173	2	1	0	1
0.5	0.1	0	0.5	0.1	0	1	0.2	0	0	0	2.74726	2.66872	0.324082	0.244466	2.27657	-0.0818039	-29.8903	-29.8903	174	1	1	0	1
0.5	0.1	0	0.5	0.1	0	1	0.2	0	1	1	2.65632	2.54957	0.998582	0.887135	2.35977	-0.111205	-40.9369	-40.9369	174	2	1	0	1
0.5	0.1	0	0.5	0.1	0	1	0.2	0	0	0	2.7033	2.6039	0.377228	0.35191	2.20989	-0.103545	-9.35253	-9.35253	175	1	1	0	1
0.5	0.1	0	0.5	0.1	0	1	0.2	0	1	1	2.72236	2.67143	0.946245	0.832227	2.43248	-0.0530554	-43.7501	-43.7501	175	2	1	0	1
0.5	0.1	0	0.5	0.1	0	1	0.2	0	1	1	2.70799	2.65975	0.979497	0.936361	2.4562	-0.0502521	-16.5878	-16.5878	176	1	1	0	1
0.5	0.1	0	0.5	0.1	0	1	0.2	0	0	0	2.77428	2.746	0.340144	0.305475	2.32403	-0.0294564	-13.5484	-13.5484	176	2	1	0	1
0.5	0.1	0	0.5	0.1	0	1	0.2	0	1	1	2.88709	2.77302	0.972481	0.808148	2.58236	-0.118817	-60.0273	-60.0273	177	1	1	0	1
0.5	0.1	0	0.5	0.1	0	1	0.2	0	0	0	2.72553	2.57034	0.468134	0.434734	2.25859	-0.161651	-11.8298	-11.8298	177	2	1	0	1
0.5	0.1	0	0.5	0.1	0	1	0.2	0	0	0	2.02937	2.09264	0.429813	0.499243	1.84476	0.065903	29.3175	29.3175	178	1	1	0	1
0.5	0.1	0	0.5	0.1	0	1	0.2	0	0	0	2.01109	2.12351	0.439622	0.478507	1.8539	0.117099	17.1619	17.1619	178	2	1	0	1
0.5	0.1	0	0.5	0.1	0	1	0.2	0	1	1	3.33991	3.38717	0.997197	1.03813	2.93626	0.0492347	17.0427	17.0427	179	1	1	0	1
0.5	0.1	0	0.5	0.1	0	1	0.2	0	1	1	3.45895	3.53067	0.87802	0.889219	3.07749	0.0747077	4.76426	4.76426	179	2	1	0	1
0.5	0.1	0	0.5	0.1	0	1	0.2	0	1	1	2.76967	2.78758	1.00557	1.0048	2.41176	0.0186595	-0.313983	-0.313983	180	1	1	0	1
0.5	0.1	0	0.5	0.1	0	1	0.2	0	0	0	2.81688	2.83785	0.377929	0.38169	2.277	0.0218481	1.53134	1.53134	180	2	1	0	1
0.5	0.1	0	0.5	0.1	0	1	0.2	0	1	1	3.32346	3.36079	0.909049	1.00598	2.78306	0.0388895	40.0169	40.0169	181	1	1	0	1
0.5	0.1	0	0.5	0.1	0	1	0.2	0	1	1	3.3774	3.4927	0.841869	0.864971	2.85681	0.120105	10.2229	10.2229	181	2	1	0	1
0.5	0.1	0	0.5	0.1	0	1	0.2	0	0	0	2.00701	2.02963	0.492034	0.537983	1.89988	0.0235602	18.7327	18.7327	182	1	1	0	1
0.5	0.1	0	0.5	0.1	0	1	0.2	0	0	0	2.09877	2.17983	0.441334	0.437004	2.0089	0.0844424	-1.85764	-1.85764	182	2	1	0	1
0.5	0.1	0	0.5	0.1	0	1	0.2	0	1	1	2.83053	2.91113	1.00301	0.94825	2.55489	0.0839642	-23.4818	-23.4818	183	1	1	0	1
0.5	0.1	0	0.5	0.1	0	1	0.2	0	0	0	2.80787	2.74909	0.418617	0.491065	2.35385	-0.0612326	27.6262	27.6262	183	2	1	0	1
0.5	0.1	0	0.5	0.1	0	1	0.2	0	0	0	2.09566	2.20617	0.347132	0.490709	1.9336	0.115114	63.2562	63.2562	184	1	1	0	1
0.5	0.1	0	0.5	0.1	0	1	0.2	0	0	0	1.861	2.10907	0.503408	0.55448	1.63443	0.258403	25.7525	25.7525	184	2	1	0	1
0.5	0.1	0	0.5	0.1	0	1	0.2	0	1	1	3.35374	3.41729	0.817869	0.789805	2.7963	0.0662041	-11.8532	-11.8532	185	1	1	0	1
0.5	0.1	0	0.5	0.1	0	1	0.2	0	1	1	3.26264	3.27261	0.924455	0.955588	2.74816	0.0103924	12.5579	12.5579	185	2	1	0	1
0.5	0.1	0	0.5	0.1	0	1	0.2	0	1	1	2.69839	2.62824	0.911183	0.919202	2.33441	-0.0730781	3.03027	3.03027	186	1	1	0	1
0.5	0.1	0	0.5	0.1	0	1	0.2	0	0	0	2.68577	2.72065	0.354035	0.288454	2.18582	0.0363251	-27.0173	-27.0173	186	2	1	0	1
0.5	0.1	0	0.5	0.1	0	1	0.2	0	0	0	2.81245	2.83143	0.397148	0.395358	2.45577	0.0197711	-0.727194	-0.727194	187	1	1	0	1
0.5	0.1	0	0.5	0.1	0	1	0.2	0	1	1	2.81428	2.80419	1.00332	1.00075	2.69164	-0.0105105	-1.01719	-1.01719	187	2	1	0	1
0.5	0.1	0	0.5	0.1	0	1	0.2	0	0	0	2.11063	2.04986	0.432218	0.398249	1.97368	-0.0633037	-12.9325	-12.9325	188	1	1	0	1
0.5	0.1	0	0.5	0.1	0	1	0.2	0	0	0	2.00578	1.96619	0.488869	0.456856	1.85747	-0.041238	-12.3962	-12.3962	188	2	1	0	1
0.5	0.1	0	0.5	0.1	0	1	0.2	0	1	1	3.39194	3.35544	0.897738	0.866809	2.91064	-0.0380292	-12.0061	-12.0061	189	1	1	0	1
0.5	0.1	0	0.5	0.1	0	1	0.2	0	1	1	3.36348	3.34366	0.924388	0.880295	2.89631	-0.0206484	-17.3505	-17.3505	189	2	1	0	1
0.5	0.1	0	0.5	0.1	0	1	0.2	0	0	0	2.71892	2.65747	0.444396	0.513679	2.30432	-0.0640052	26.3633	26.3633	190	1	1	0	1
0.5	0.1	0	0.5	0.1	0	1	0.2	0	1	1	2.87922	2.915	0.94406	0.881008	2.61325	0.0372653	-25.9956	-25.9956	190	2	1	0	1
0.5	0.1	0	0.5	0.1	0	1	0.2	0	1	1	3.35316	3.35358	0.919696	0.9493	2.80653	0.000435656	11.8455	11.8455	191	1	1	0	1
0.5	0.1	0	0.5	0.1	0	1	0.2	0	1	1	3.38303	3.43125	0.871892	0.863615	2.84632	0.050226	-3.44965	-3.44965	191	2	1	0	1
0.5	0.1	0	0.5	0.1	0	1	0.2	0	0	0	2.01129	2.07494	0.500403	0.526906	1.70678	0.0663063	11.1951	11.1951	192	1	1	0	1
0.5	0.1	0	0.5	0.1	0	1	0.2	0	0	0	2.10512	2.1648	0.443431	0.466876	1.80416	0.0621707	9.86874	9.86874	192	2	1	0	1
0.5	0.1	0	0.5	0.1	0	1	0.2	0	0	0	2.75846	2.80521	0.31717	0.346138	2.27546	0.0486903	12.0568	12.0568	193	1	1	0	1
0.5	0.1	0	0.5	0.1	0	1	0.2	0	1	1	2.68043	2.73205	0.962653	0.97898	2.31322	0.0537682	6.82437	6.82437	193	2	1	0	1
0.5	0.1	0	0.5	0.1	0	1	0.2	0	1	1	2.8776	2.96916	1.07283	1.16845	2.6234	0.0953723	41.4076	41.4076	194	1	1	0	1
0.5	0.1	0	0.5	0.1	0	1	0.2	0	0	0	2.88482	3.01279	0.450374	0.509307	2.46423	0.133301	26.3872	26.3872	194	2	1	0	1
0.5	0.1	0	0.5	0.1	0	1	0.2	0	0	0	2.05293	2.25166	0.488575	0.456518	1.79251	0.207009	-15.3676	-15.3676	195	1	1	0	1
0.5	0.1	0	0.5	0.1	0	1	0.2	0	0	0	2.06954	2.0557	0.475922	0.585363	1.83644	-0.0144204	43.2772	43.2772	195	2	1	0	1
0.5	0.1	0	0.5	0.1	0	1	0.2	0	0	0	2.75917	2.65767	0.402778	0.467279	2.34698	-0.105725	23.7883	23.7883	196	1	1	0	1
0.5	0.1	0	0.5	0.1	0	1	0.2	0	1	1	2.82703	2.85132	0.956901	0.874996	2.51738	0.0252929	-33.4388	-33.4388	196	2	1	0	1
0.5	0.1	0	0.5	0.1	0	1	0.2	0	0	0	2.75189	2.76702	0.447497	0.434072	2.26763	0.0157592	-5.43826	-5.43826	197	1	1	0	1
0.5	0.1	0	0.5	0.1	0	1	0.2	0	1	1	2.85061	2.83963	0.962771	0.954647	2.4948	-0.0114418	-3.2202	-3.2202	197	2	1	0	1
0.5	0.1	0	0.5	0.1	0	1	0.2	0	0	0	2.78666	2.73822	0.35728	0.377505	2.35814	-0.0504617	7.77591	7.77591	198	1	1	0	1
0.5	0.1	0	0.5	0.1	0	1	0.2	0	1	1	2.74816	2.75497	0.970307	0.929526	2.44284	0.00709403	-16.4055	-16.4055	198	2	1	0	1
0.5	0.1	0	0.5	0.1	0	1	0.2	0	1	1	3.35591	3.49382	0.887849	0.954745	2.75437	0.143656	30.2329	30.2329	199	1	1	0	1
0.5	0.1	0	0.5	0.1	0	1	0.2	0	1	1	3.3184	3.45411	0.93572	0.995463	2.73669	0.141371	26.9443	26.9443	199	2	1	0	1
0.5	0.1	0	0.5	0.1	0	1	0.2	0	1	1	2.7506	2.75155	0.971057	0.953119	2.39791	0.000996222	-7.18087	-7.18087	200	1	1	0	1
0.5	0.1	0	0.5	0.1	0	1	0.2	0	0	0	2.74956	2.77019	0.374421	0.367903	2.27024	0.0214948	-2.65271	-2.65271	200	2	1	0	1
0.5	0.1	0	0.5	0.1	0	1	0.2	0	0	0	2.73904	2.81464	0.347513	0.31011	2.37437	0.0787546	-15.9674	-15.9674	201	1	1	0	1
0.5	0.1	0	0.5	0.1	0	1	0.2	0	1	1	2.72353	2.68631	0.946377	0.986438	2.55344	-0.0387744	15.5424	15.5424	201	2	1	0	1
0.5	0.1	0	0.5	0.1	0	1	0.2	0	1	1	3.21694	3.36175	0.873997	0.902072	2.67908	0.150845	12.7713	12.7713	202	1	1	0	1
0.5	0.1	0	0.5	0.1	0	1	0.2	0	1	1	3.29225	3.38267	0.791277	0.878578	2.76709	0.0941938	37.7661	37.7661	202	2	1	0	1
0.5	0.1	0	0.5	0.1	0	1	0.2	0	0	0	2.05055	2.01946	0.440841	0.42858	1.94487	-0.032391	-4.78067	-4.78067	203	1	1	0	1
0.5	0.1	0	0.5	0.1	0	1	0.2	0	0	0	2.0673	2.01103	0.434181	0.434465	1.93689	-0.0586152	0.108321	0.108321	203	2	1	0	1
0.5	0.1	0	0.5	0.1	0	1	0.2	0	1	1	2.83669	2.74686	1.00138	0.962673	2.47262	-0.0935722	-14.4063	-14.4063	204	1	1	0	1
0.5	0.1	0	0.5	0.1	0	1	0.2	0	0	0	2.79066	2.78314	0.42897	0.361681	2.32002	-0.00783026	-26.7481	-26.7481	204	2	1	0	1
0.5	0.1	0	0.5	0.1	0	1	0.2	0	0	0	2.74102	2.80978	0.416148	0.388759	2.30732	0.0716207	-11.6214	-11.6214	205	1	1	0	1
0.5	0.1	0	0.5	0.1	0	1	0.2	0	1	1	2.82304	2.7902	0.968014	0.983774	2.44325	-0.0342116	6.13589	6.13589	205	2	1	0	1
0.5	0.1	0	0.5	0.1	0	1	0.2	0	1	1	2.75641	2.80971	1.09766	1.06506	2.49451	0.0555207	-13.6482	-13.6482	206	1	1	0	1
0.5	0.1	0	0.5	0.1	0	1	0.2	0	0	0	2.93758	2.91512	0.352374	0.386912	2.56675	-0.0233892	13.5613	13.5613	206	2	1	0	1
0.5	0.1	0	0.5	0.1	0	1	0.2	0	1	1	2.71311	2.7477	0.95792	0.950321	2.37689	0.0360322	-3.12965	-3.12965	207	1	1	0	1
0.5	0.1	0	0.5	0.1	0	1	0.2	0	0	0	2.74325	2.76649	0.348044	0.365845	2.29893	0.0242075	7.26102	7.26102	207	2	1	0	1
0.5	0.1	0	0.5	0.1	0	1	0.2	0	0	0	2.14482	2.23187	0.504994	0.523715	1.96651	0.0906808	8.07387	8.07387	208	1	1	0	1
0.5	0.1	0	0.5	0.1	0	1	0.2	0	0	0	2.10536	2.15557	0.530795	0.572993	1.9034	0.0523015	17.6163	17.6163	208	2	1	0	1
0.5	0.1	0	0.5	0.1	0	1	0.2	0	0	0	2.76932	2.74686	0.420125	0.423589	2.37464	-0.0234033	1.3598	1.3598	209	1	1	0	1
0.5	0.1	0	0.5	0.1	0	1	0.2	0	1	1	2.8195	2.81991	0.965941	0.938351	2.56761	0.000425653	-11.0398	-11.0398	209	2	1	0	1
0.5	0.1	0	0.5	0.1	0	1	0.2	0	0	0	2.79077	2.82604	0.346827	0.334503	2.37039	0.0367344	-5.07906	-5.07906	210	1	1	0	1
0.5	0.1	0	0.5	0.1	0	1	0.2	0	1	1	2.72747	2.72194	0.986049	0.994531	2.42847	-0.00576298	3.37724	3.37724	210	2	1	0	1
0.5	0.1	0	0.5	0.1	0	1	0.2	0	0	0	1.99618	2.01296	0.457905	0.416286	1.87848	0.0174744	-16.8838	-16.8838	211	1	1	0	1
0.5	0.1	0	0.5	0.1	0	1	0.2	0	0	0	2.05403	1.99129	0.427997	0.431503	1.93931	-0.065352	1.33264	1.33264	211	2	1	0	1
0.5	0.1	0	0.5	0.1	0	1	0.2	0	0	0	2.00838	1.89953	0.447072	0.387944	1.78038	-0.113394	-21.6842	-21.6842	212	1	1	0	1
0.5	0.1	0	0.5	0.1	0	1	0.2	0	0	0	2.03009	1.93231	0.417804	0.364115	1.79429	-0.101847	-19.8576	-19.8576	212	2	1	0	1
0.5	0.1	0	0.5	0.1	0	1	0.2	0	1	1	3.4069	3.42454	0.913195	0.909803	2.85359	0.0183722	-1.37696	-1.37696	213	1	1	0	1
0.5	0.1	0	0.5	0.1	0	1	0.2	0	1	1	3.38891	3.40162	0.927853	0.934652	2.86303	0.0132409	2.74874	2.74874	213	2	1	0	1
0.5	0.1	0	0.5	0.1	0	1	0.2	0	0	0	2.82675	2.90965	0.458056	0.410396	2.3519	0.0863542	-20.4788	-20.4788	214	1	1	0	1
0.5	0.1	0	0.5	0.1	0	1	0.2	0	1	1	2.88162	2.83911	1.02981	1.06315	2.57309	-0.0442754	12.8789	12.8789	214	2	1	0	1
0.5	0.1	0	0.5	0.1	0	1	0.2	0	1	1	3.34351	3.3136	0.841955	0.803866	2.67123	-0.0311517	-14.865	-14.865	215	1	1	0	1
0.5	0.1	0	0.5	0.1	0	1	0.2	0	1	1	3.29273	3.2661	0.896213	0.860927	2.65217	-0.0277362	-13.8077	-13.8077	215	2	1	0	1
0.5	0.1	0	0.5	0.1	0	1	0.2	0	0	0	2.65072	2.64596	0.428441	0.470952	2.18693	-0.00496337	16.937	16.937	216	1	1	0	1
0.5	0.1	0	0.5	0.1	0	1	0.2	0	1	1	2.79683	2.85233	0.886744	0.866574	2.49513	0.0578133	-8.45899	-8.45899	216	2	1	0	1
0.5	0.1	0	0.5	0.1	0	1	0.2	0	1	1	3.30654	3.19646	0.87544	0.898508	2.79581	-0.114663	8.45171	8.45171	217	1	1	0	1
0.5	0.1	0	0.5	0.1	0	1	0.2	0	1	1	3.34256	3.32989	0.849628	0.735159	2.82281	-0.0131992	-45.3092	-45.3092	217	2	1	0	1
0.5	0.1	0	0.5	0.1	0	1	0.2	0	0	0	2.05298	1.91104	0.487428	0.429778	1.8955	-0.14785	-20.6209	-20.6209	218	1	1	0	1
0.5	0.1	0	0.5	0.1	0	1	0.2	0	0	0	2.07636	2.00025	0.480563	0.36596	1.93961	-0.079275	-43.1074	-43.1074	218	2	1	0	1
0.5	0.1	0	0.5	0.1	0	1	0.2	0	0	0	2.11179	2.10131	0.434528	0.424355	2.03456	-0.0109248	-4.03378	-4.03378	219	1	1	0	1
0.5	0.1	0	0.5	0.1	0	1	0.2	0	0	0	2.03589	2.00951	0.48322	0.487409	1.87721	-0.0274832	1.63977	1.63977	219	2	1	0	1
0.5	0.1	0	0.5	0.1	0	1	0.2	0	1	1	2.8194	2.88593	1.01457	1.01407	2.53928	0.0693069	-0.213949	-0.213949	220	1	1	0	1
0.5	0.1	0	0.5	0.1	0	1	0.2	0	0	0	2.82972	2.83986	0.403021	0.456191	2.3696	0.010561	21.4491	21.4491	220	2	1	0	1
0.5	0.1	0	0.5	0.1	0	1	0.2	0	0	0	1.99771	1.95186	0.527397	0.568908	1.72005	-0.0477601	15.9935	15.9935	221	1	1	0	1
0.5	0.1	0	0.5	0.1	0	1	0.2	0	0	0	2.16887	2.22142	0.431356	0.386485	1.89245	0.0547414	-18.7704	-18.7704	221	2	1	0	1
0.5	0.1	0	0.5	0.1	0	1	0.2	0	0	0	2.61537	2.66517	0.392224	0.351465	2.21885	0.0518795	-17.0097	-17.0097	222	1	1	0	1
0.5	0.1	0	0.5	0.1	0	1	0.2	0	1	1	2.70873	2.69463	0.88188	0.8761	2.43925	-0.0146916	-2.28544	-2.28544	222	2	1	0	1
0.5	0.1	0	0.5	0.1	0	1	0.2	0	1	1	2.75082	2.73505	1.06142	1.05752	2.5089	-0.0164327	-1.54256	-1.54256	223	1	1	0	1
0.5	0.1	0	0.5	0.1	0	1	0.2	0	0	0	2.89822	2.90927	0.344596	0.330372	2.51887	0.011513	-5.74244	-5.74244	223	2	1	0	1
0.5	0.1	0	0.5	0.1	0	1	0.2	0	1	1	2.80024	2.74709	0.939426	0.891703	2.66496	-0.0553568	-18.2795	-18.2795	224	1	1	0	1
0.5	0.1	0	0.5	0.1	0	1	0.2	0	0	0	2.73595	2.68682	0.400355	0.38408	2.39923	-0.051179	-6.25407	-6.25407	224	2	1	0	1
0.5	0.1	0	0.5	0.1	0	1	0.2	0	1	1	2.70736	2.702	1.0018	1.00084	2.53718	-0.00558686	-0.379264	-0.379264	225	1	1	0	1
0.5	0.1	0	0.5	0.1	0	1	0.2	0	0	0	2.81448	2.83429	0.322798	0.317992	2.44707	0.0206368	-1.95463	-1.95463	225	2	1	0	1
0.5	0.1	0	0.5	0.1	0	1	0.2	0	1	1	3.40435	3.36625	0.924569	0.905788	2.95424	-0.0396827	-7.28107	-7.28107	226	1	1	0	1
0.5	0.1	0	0.5	0.1	0	1	0.2	0	1	1	3.39531	3.38756	0.930435	0.881954	2.94809	-0.00807792	-19.2678	-19.2678	226	2	1	0	1
0.5	0.1	0	0.5	0.1	0	1	0.2	0	0	0	2.85065	2.84637	0.333753	0.381733	2.4638	-0.0044598	19.1239	19.1239	227	1	1	0	1
0.5	0.1	0	0.5	0.1	0	1	0.2	0	1	1	2.72166	2.78957	1.03418	1.01133	2.48404	0.0707481	-9.69097	-9.69097	227	2	1	0	1
0.5	0.1	0	0.5	0.1	0	1	0.2	0	0	0	2.12836	2.09086	0.477926	0.489394	1.94876	-0.0390661	4.44841	4.44841	228	1	1	0	1
0.5	0.1	0	0.5	0.1	0	1	0.2	0	0	0	2.05382	2.10856	0.524628	0.477459	1.8555	0.0570205	-19.7694	-19.7694	228	2	1	0	1
0.5	0.1	0	0.5	0.1	0	1	0.2	0	1	1	2.76301	2.71802	0.969314	0.937074	2.48741	-0.0468632	-12.43	-12.43	229	1	1	0	1
0.5	0.1	0	0.5	0.1	0	1	0.2	0	0	0	2.78269	2.74874	0.370003	0.347837	2.27099	-0.0353659	-8.62237	-8.62237	229	2	1	0	1
0.5	0.1	0	0.5	0.1	0	1	0.2	0	0	0	2.60124	2.70648	0.328542	0.343536	2.20343	0.109621	6.57428	6.57428	230	1	1	0	1
0.5	0.1	0	0.5	0.1	0	1	0.2	0	1	1	2.622	2.69842	0.862155	0.906209	2.2489	0.0796067	18.8203	18.8203	230	2	1	0	1
0.5	0.1	0	0.5	0.1	0	1	0.2	0	1	1	2.79831	2.81405	0.940761	0.886057	2.56525	0.0163972	-22.1725	-22.1725	231	1	1	0	1
0.5	0.1	0	0.5	0.1	0	1	0.2	0	0	0	2.70588	2.67615	0.429797	0.435583	2.31421	-0.0309702	2.25841	2.25841	231	2	1	0	1
0.5	0.1	0	0.5	0.1	0	1	0.2	0	1	1	2.86105	2.78865	1.02501	0.996128	2.54048	-0.0754105	-10.8949	-10.8949	232	1	1	0	1
0.5	0.1	0	0.5	0.1	0	1	0.2	0	0	0	2.79157	2.8263	0.450394	0.384549	2.34611	0.0361711	-27.1225	-27.1225	232	2	1	0	1
0.5	0.1	0	0.5	0.1	0	1	0.2	0	0	0	1.9439	1.92228	0.578677	0.458919	1.74908	-0.0225232	-47.0556	-47.0556	233	1	1	0	1
0.5	0.1	0	0.5	0.1	0	1	0.2	0	0	0	2.21427	2.04767	0.399471	0.370278	2.11921	-0.173539	-10.2537	-10.2537	233	2	1	0	1
0.5	0.1	0	0.5	0.1	0	1	0.2	0	1	1	3.35205	3.34724	0.898894	0.829669	2.81147	-0.00501196	-27.5792	-27.5792	234	1	1	0	1
0.5	0.1	0	0.5	0.1	0	1	0.2	0	1	1	3.3334	3.30205	0.923052	0.882465	2.77482	-0.0326603	-15.8214	-15.8214	234	2	1	0	1
0.5	0.1	0	0.5	0.1	0	1	0.2	0	0	0	2.12264	2.15017	0.480263	0.476307	2.03395	0.0286765	-1.61939	-1.61939	235	1	1	0	1
0.5	0.1	0	0.5	0.1	0	1	0.2	0	0	0	2.06349	2.08931	0.517846	0.516972	1.957	0.026889	-0.357269	-0.357269	235	2	1	0	1
0.5	0.1	0	0.5	0.1	0	1	0.2	0	0	0	2.07173	2.06653	0.530871	0.487362	1.78355	-0.00541248	-17.3282	-17.3282	236	1	1	0	1
0.5	0.1	0	0.5	0.1	0	1	0.2	0	0	0	2.16446	2.10465	0.461536	0.461508	1.89555	-0.0623065	-0.010607	-0.010607	236	2	1	0	1
0.5	0.1	0	0.5	0.1	0	1	0.2	0	1	1	2.72714	2.87253	0.990737	0.971489	2.37148	0.151442	-8.76091	-8.76091	237	1	1	0	1
0.5	0.1	0	0.5	0.1	0	1	0.2	0	0	0	2.79843	2.78573	0.350161	0.455127	2.26773	-0.0132379	41.5466	41.5466	237	2	1	0	1
0.5	0.1	0	0.5	0.1	0	1	0.2	0	0	0	2.15014	2.2273	0.51214	0.50313	1.97157	0.0803725	-3.85164	-3.85164	238	1	1	0	1
0.5	0.1	0	0.5	0.1	0	1	0.2	0	0	0	2.1096	2.12601	0.518734	0.569071	1.95862	0.0170873	20.4139	20.4139	238	2	1	0	1
0.5	0.1	0	0.5	0.1	0	1	0.2	0	0	0	1.92164	1.96119	0.400651	0.34813	1.77758	0.0411944	-21.7242	-21.7242	239	1	1	0	1
0.5	0.1	0	0.5	0.1	0	1	0.2	0	0	0	1.91672	1.87817	0.398335	0.408361	1.76099	-0.0401555	3.88568	3.88568	239	2	1	0	1
0.5	0.1	0	0.5	0.1	0	1	0.2	0	0	0	2.8457	2.87268	0.366001	0.330228	2.35589	0.0281005	-14.6381	-14.6381	240	1	1	0	1
0.5	0.1	0	0.5	0.1	0	1	0.2	0	1	1	2.7852	2.72735	1.0147	1.02965	2.52006	-0.0602576	5.70327	5.70327	240	2	1	0	1
0.5	0.1	0	0.5	0.1	0	1	0.2	0	0	0	2.79362	2.71602	0.382332	0.281834	2.32545	-0.0808341	-37.7574	-37.7574	241	1	1	0	1
0.5	0.1	0	0.5	0.1	0	1	0.2	0	1	1	2.74038	2.61765	1.01944	0.91643	2.39504	-0.127848	-37.3805	-37.3805	241	2	1	0	1
0.5	0.1	0	0.5	0.1	0	1	0.2	0	1	1	2.65211	2.77403	0.974659	0.942786	2.29859	0.127	-14.1911	-14.1911	242	1	1	0	1
0.5	0.1	0	0.5	0.1	0	1	0.2	0	0	0	2.76005	2.75557	0.298414	0.387722	2.29233	-0.00466778	35.5902	35.5902	242	2	1	0	1
0.5	0.1	0	0.5	0.1	0	1	0.2	0	1	1	3.32178	3.36468	0.90268	0.91542	2.80676	0.0446845	5.28527	5.28527	243	1	1	0	1
0.5	0.1	0	0.5	0.1	0	1	0.2	0	1	1	3.36308	3.3975	0.854595	0.878835	2.84283	0.0358561	9.9823	9.9823	243	2	1	0	1
0.5	0.1	0	0.5	0.1	0	1	0.2	0	0	0	2.08126	2.13487	0.388579	0.350096	1.94093	0.0558457	-16.113	-16.113	244	1	1	0	1
0.5	0.1	0	0.5	0.1	0	1	0.2	0	0	0	1.94123	1.89558	0.46522	0.517015	1.75251	-0.0475514	19.9587	19.9587	244	2	1	0	1
0.5	0.1	0	0.5	0.1	0	1	0.2	0	0	0	2.69614	2.72041	0.336511	0.300213	2.29067	0.0252719	-14.819	-14.819	245	1	1	0	1
0.5	0.1	0	0.5	0.1	0	1	0.2	0	1	1	2.68511	2.64414	0.912923	0.918192	2.46545	-0.0426687	2.03831	2.03831	245	2	1	0	1
0.5	0.1	0	0.5	0.1	0	1	0.2	0	0	0	2.72019	2.72839	0.420201	0.518749	2.2491	0.00854168	39.6903	39.6903	246	1	1	0	1
0.5	0.1	0	0.5	0.1	0	1	0.2	0	1	1	2.79186	2.94271	0.964266	0.936992	2.44886	0.157131	-12.4781	-12.4781	246	2	1	0	1
0.5	0.1	0	0.5	0.1	0	1	0.2	0	0	0	2.7432	2.82855	0.43921	0.366536	2.23967	0.0889043	-31.2953	-31.2953	247	1	1	0	1
0.5	0.1	0	0.5	0.1	0	1	0.2	0	1	1	2.83518	2.76526	0.946081	0.996997	2.46641	-0.0728303	19.245	19.245	247	2	1	0	1
0.5	0.1	0	0.5	0.1	0	1	0.2	0	1	1	3.33957	3.38913	0.953153	0.977668	2.72767	0.0516314	10.2286	10.2286	248	1	1	0	1
0.5	0.1	0	0.5	0.1	0	1	0.2	0	1	1	3.41559	3.46785	0.870246	0.893529	2.78104	0.0544352	9.73748	9.73748	248	2	1	0	1
0.5	0.1	0	0.5	0.1	0	1	0.2	0	0	0	2.18997	2.1506	0.460153	0.407521	2.02337	-0.0410086	-20.3839	-20.3839	249	1	1	0	1
0.5	0.1	0	0.5	0.1	0	1	0.2	0	0	0	2.03044	1.98478	0.561566	0.520776	1.83923	-0.0475567	-15.7181	-15.7181	249	2	1	0	1
0.5	0.1	0	0.5	0.1	0	1	0.2	0	1	1	3.45634	3.3987	0.904301	0.853974	3.00063	-0.0600414	-19.2085	-19.2085	250	1	1	0	1
0.5	0.1	0	0.5	0.1	0	1	0.2	0	1	1	3.38009	3.33837	0.973442	0.921922	2.96159	-0.043456	-19.9153	-19.9153	250	2	1	0	1
