Mat1	Mat2	Mat3	Pat1	Pat2	Pat3	w0	theta0	d	q	p	w	R	theta	a	payoff	delta	elig	ztheta	gnum	inum	female	SubPop	Alive
0.5	0.1	-0.0518598	0.5	0.1	-0.0369848	1	0.2	-0.0888446	0	-0.0888446	2.98358	3.01546	0.232017	0.17048	2.58387	0.03321	-25.2862	-25.2862	1	1	1	0	1
0.5	0.1	-0.025222	0.5	0.1	0.00023105	1	0.2	-0.0249909	1	0.975009	2.60029	2.51631	1.13993	1.15791	2.5864	-0.087483	6.72142	6.72142	1	2	1	0	1
0.5	0.1	-0.0516193	0.5	0.1	-0.0988833	1	0.2	-0.150503	1	0.849497	3.26981	3.21719	0.90743	0.830238	2.99664	-0.0548206	-29.5796	-29.5796	2	1	1	0	1
0.5	0.1	-0.0518598	0.5	0.1	-0.0518598	1	0.2	-0.10372	1	0.89628	3.27963	3.21042	0.942262	0.877851	2.97189	-0.0720862	-24.3599	-24.3599	2	2	1	0	1
0.5	0.1	-0.0369848	0.5	0.1	-0.0716058	1	0.2	-0.108591	0	-0.108591	1.90479	1.87695	0.443363	0.461882	1.88404	-0.0289984	7.23947	7.23947	3	1	1	0	1
0.5	0.1	-0.0516193	0.5	0.1	-0.133881	1	0.2	-0.1855	0	-0.1855	1.95812	1.98375	0.383487	0.373092	1.9279	0.0267035	-4.24869	-4.24869	3	2	1	0	1
0.5	0.1	-0.0516193	0.5	0.1	-0.0967635	1	0.2	-0.148383	1	0.851617	2.49512	2.59945	1.12318	1.11449	2.5361	0.108681	-3.80336	-3.80336	4	1	1	0	1
0.5	0.1	-0.0776376	0.5	0.1	-0.0516193	1	0.2	-0.129257	0	-0.129257	2.93526	2.93745	0.271042	0.344537	2.60442	0.00228227	29.4519	29.4519	4	2	1	0	1
0.5	0.1	-0.0419858	0.5	0.1	0.0604329	1	0.2	0.0184471	0	0.0184471	1.94681	2.00193	0.533022	0.596156	1.82497	0.0574101	26.4691	26.4691	5	1	1	0	1
0.5	0.1	-0.0369848	0.5	0.1	-0.0716058	1	0.2	-0.108591	0	-0.108591	2.09889	2.22056	0.388494	0.413717	2.01825	0.126735	11.2273	11.2273	5	2	1	0	1
0.5	0.1	-0.0419858	0.5	0.1	-0.0699039	1	0.2	-0.11189	0	-0.11189	1.9515	1.74501	0.436544	0.395034	1.93299	-0.21509	-14.1665	-14.1665	6	1	1	0	1
0.5	0.1	-0.0716058	0.5	0.1	-0.073444	1	0.2	-0.14505	0	-0.14505	1.95906	1.87989	0.428715	0.295751	1.94992	-0.0824648	-49.8939	-49.8939	6	2	1	0	1
0.5	0.1	-0.0988833	0.5	0.1	-0.0369848	1	0.2	-0.135868	1	0.864132	2.51577	2.57924	1.13056	1.04224	2.49793	0.066114	-37.3006	-37.3006	7	1	1	0	1
0.5	0.1	-0.0518598	0.5	0.1	-0.0518598	1	0.2	-0.10372	0	-0.10372	2.96803	2.85589	0.270474	0.322599	2.62553	-0.116811	19.0679	19.0679	7	2	1	0	1
0.5	0.1	-0.0369848	0.5	0.1	0.0105206	1	0.2	-0.0264642	1	0.973536	3.3528	3.45413	1.04045	1.1515	3.08649	0.105554	48.5191	48.5191	8	1	1	0	1
0.5	0.1	-0.111776	0.5	0.1	-0.100105	1	0.2	-0.211881	1	0.788119	3.32413	3.43331	0.901602	1.00197	3.13908	0.113735	44.1671	44.1671	8	2	1	0	1
0.5	0.1	-0.0395176	0.5	0.1	-0.0716058	1	0.2	-0.111123	0	-0.111123	2.04467	2.01755	0.426205	0.347511	1.99666	-0.0282485	-30.782	-30.782	9	1	1	0	1
0.5	0.1	-0.0518598	0.5	0.1	0.0240195	1	0.2	-0.0278403	0	-0.0278403	1.98836	1.87417	0.489753	0.467562	1.93988	-0.118948	-8.10526	-8.10526	9	2	1	0	1
0.5	0.1	-0.0516193	0.5	0.1	-0.0369848	1	0.2	-0.0886042	1	0.911396	2.39262	2.30772	1.15512	1.04603	2.44496	-0.0884448	-40.752	-40.752	10	1	1	0	1
0.5	0.1	-0.138395	0.5	0.1	-0.0776376	1	0.2	-0.216033	0	-0.216033	2.9748	2.83576	0.136402	0.0886521	2.65707	-0.144842	-17.1165	-17.1165	10	2	1	0	1
0.5	0.1	-0.0716058	0.5	0.1	-0.0875172	1	0.2	-0.159123	0	-0.159123	1.92022	1.96658	0.377332	0.274085	1.88535	0.0482958	-42.9586	-42.9586	11	1	1	0	1
0.5	0.1	-0.012993	0.5	0.1	-0.133881	1	0.2	-0.146874	0	-0.146874	1.86945	1.69987	0.41121	0.452899	1.8582	-0.176652	14.6108	14.6108	11	2	1	0	1
0.5	0.1	-0.0369848	0.5	0.1	-0.0988833	1	0.2	-0.135868	1	0.864132	3.32453	3.28567	0.926001	0.934494	3.12856	-0.0404865	3.29069	3.29069	12	1	1	0	1
0.5	0.1	-0.0369848	0.5	0.1	-0.0419858	1	0.2	-0.0789707	1	0.921029	3.32441	3.35335	0.97388	0.920069	3.09216	0.0301455	-22.0562	-22.0562	12	2	1	0	1
0.5	0.1	-0.0369848	0.5	0.1	-0.0988833	1	0.2	-0.135868	0	-0.135868	1.98808	1.94771	0.431733	0.399687	1.78739	-0.0420436	-12.4015	-12.4015	13	1	1	0	1
0.5	0.1	-0.111776	0.5	0.1	-0.0349662	1	0.2	-0.146742	0	-0.146742	1.95871	1.90169	0.425573	0.426408	1.8053	-0.0593983	0.318801	0.318801	13	2	1	0	1
0.5	0.1	-0.0694149	0.5	0.1	0.00023105	1	0.2	-0.0691839	1	0.930816	3.42325	3.45682	0.964281	0.92292	3.0817	0.034965	-17.0207	-17.0207	14	1	1	0	1
0.5	0.1	-0.0419858	0.5	0.1	0.0105206	1	0.2	-0.0314652	1	0.968535	3.42462	3.3897	0.993593	1.02434	3.06308	-0.0363754	11.9503	11.9503	14	2	1	0	1
0.5	0.1	-0.0349662	0.5	0.1	-0.0898419	1	0.2	-0.124808	0	-0.124808	2.08905	2.10853	0.459459	0.499699	1.94565	0.0202984	16.3615	16.3615	15	1	1	0	1
0.5	0.1	-0.0419858	0.5	0.1	0.00128061	1	0.2	-0.0407052	0	-0.0407052	2.03344	2.10224	0.526437	0.530755	1.90935	0.0716607	1.83224	1.83224	15	2	1	0	1
0.5	0.1	-0.0967635	0.5	0.1	-0.0518598	1	0.2	-0.148623	1	0.851377	3.30232	3.09677	0.891931	0.759729	3.05518	-0.214111	-45.1476	-45.1476	16	1	1	0	1
0.5	0.1	-0.0875172	0.5	0.1	-0.0419858	1	0.2	-0.129503	1	0.870497	3.23848	3.08449	0.965956	0.789375	2.96664	-0.160403	-62.5997	-62.5997	16	2	1	0	1
0.5	0.1	-0.0716058	0.5	0.1	-0.128041	1	0.2	-0.199647	0	-0.199647	1.98878	2.1603	0.361893	0.412733	1.87438	0.178668	23.7272	23.7272	17	1	1	0	1
0.5	0.1	-0.0516193	0.5	0.1	-0.0369848	1	0.2	-0.0886042	0	-0.0886042	1.84554	1.93933	0.462946	0.581011	1.82521	0.0976965	51.2302	51.2302	17	2	1	0	1
0.5	0.1	-0.0419858	0.5	0.1	-0.0699039	1	0.2	-0.11189	0	-0.11189	1.85171	1.78688	0.3864	0.338764	1.79409	-0.0675285	-18.0778	-18.0778	18	1	1	0	1
0.5	0.1	-0.025222	0.5	0.1	-0.0967635	1	0.2	-0.121985	0	-0.121985	1.88303	1.80039	0.363429	0.327127	1.88455	-0.0860805	-13.5855	-13.5855	18	2	1	0	1
0.5	0.1	-0.0516193	0.5	0.1	-0.0518598	1	0.2	-0.103479	1	0.896521	3.27063	3.29165	0.897376	0.874779	3.04177	0.0218968	-9.19995	-9.19995	19	1	1	0	1
0.5	0.1	-0.0716058	0.5	0.1	-0.101402	1	0.2	-0.173008	1	0.826992	3.2211	3.20148	0.893098	0.902425	2.97892	-0.0204397	3.67068	3.67068	19	2	1	0	1
0.5	0.1	-0.0716058	0.5	0.1	-0.0516193	1	0.2	-0.123225	1	0.876775	3.28742	3.2697	0.899867	0.947293	3.06042	-0.0184574	18.6946	18.6946	20	1	1	0	1
0.5	0.1	-0.0967635	0.5	0.1	-0.012993	1	0.2	-0.109757	1	0.890243	3.26106	3.33726	0.918556	0.89411	3.02126	0.0793766	-10.4414	-10.4414	20	2	1	0	1
0.5	0.1	-0.0716058	0.5	0.1	-0.0516193	1	0.2	-0.123225	1	0.876775	3.2699	3.34136	0.96578	0.99066	2.98348	0.0744393	10.5822	10.5822	21	1	1	0	1
0.5	0.1	-0.0518598	0.5	0.1	-0.0516193	1	0.2	-0.103479	1	0.896521	3.34979	3.38974	0.905748	0.963991	3.10469	0.0416213	24.0996	24.0996	21	2	1	0	1
0.5	0.1	0.0240195	0.5	0.1	-0.0349662	1	0.2	-0.0109467	1	0.989053	2.66202	2.56194	1.22505	1.25152	2.49908	-0.104247	9.77391	9.77391	22	1	1	0	1
0.5	0.1	-0.0349662	0.5	0.1	-0.0369848	1	0.2	-0.0719511	0	-0.0719511	3.10403	3.14176	0.285067	0.18629	2.71667	0.039302	-40.7937	-40.7937	22	2	1	0	1
0.5	0.1	-0.0419858	0.5	0.1	-0.0518598	1	0.2	-0.0938456	1	0.906154	3.27615	3.29759	0.945724	0.961136	3.11358	0.0223418	6.27695	6.27695	23	1	1	0	1
0.5	0.1	-0.073444	0.5	0.1	-0.0369848	1	0.2	-0.110429	1	0.889571	3.31971	3.35154	0.900271	0.893808	3.16391	0.0331518	-2.65581	-2.65581	23	2	1	0	1
0.5	0.1	0.0216748	0.5	0.1	-0.114448	1	0.2	-0.0927727	1	0.907227	2.47293	2.49268	1.10354	1.18745	2.58313	0.0205705	34.1269	34.1269	24	1	1	0	1
0.5	0.1	-0.0699039	0.5	0.1	-0.0716058	1	0.2	-0.14151	0	-0.14151	2.9298	3.04487	0.207297	0.210906	2.76246	0.119871	1.59684	1.59684	24	2	1	0	1
0.5	0.1	-0.0716058	0.5	0.1	-0.0369848	1	0.2	-0.108591	0	-0.108591	2.96007	2.96297	0.249846	0.198939	2.55599	0.00301863	-20.4124	-20.4124	25	1	1	0	1
0.5	0.1	-0.0395176	0.5	0.1	-0.0518598	1	0.2	-0.0913774	1	0.908623	2.51952	2.47347	1.12839	1.12024	2.56298	-0.0479684	-3.13961	-3.13961	25	2	1	0	1
0.5	0.1	-0.0776376	0.5	0.1	-0.0349662	1	0.2	-0.112604	0	-0.112604	2.07915	2.20064	0.448079	0.428331	1.96736	0.126557	-8.7894	-8.7894	26	1	1	0	1
0.5	0.1	-0.0369848	0.5	0.1	-0.015128	1	0.2	-0.0521128	0	-0.0521128	1.99631	1.98345	0.511923	0.584321	1.83824	-0.013394	28.6521	28.6521	26	2	1	0	1
0.5	0.1	-0.0875172	0.5	0.1	-0.0395176	1	0.2	-0.127035	0	-0.127035	1.87703	1.91165	0.489142	0.486137	1.87944	0.0360664	-1.23766	-1.23766	27	1	1	0	1
0.5	0.1	-0.138395	0.5	0.1	-0.0776376	1	0.2	-0.216033	0	-0.216033	1.99625	2.00948	0.396487	0.401122	1.97407	0.0137885	1.87472	1.87472	27	2	1	0	1
0.5	0.1	-0.0988833	0.5	0.1	-0.14502	1	0.2	-0.243903	1	0.756097	2.36454	2.51824	1.06573	1.02511	2.49507	0.160096	-18.6322	-18.6322	28	1	1	0	1
0.5	0.1	-0.0988833	0.5	0.1	-0.0988833	1	0.2	-0.197767	0	-0.197767	2.85521	2.794	0.234848	0.362374	2.60683	-0.0637598	48.5346	48.5346	28	2	1	0	1
0.5	0.1	-0.0967635	0.5	0.1	-0.0518598	1	0.2	-0.148623	1	0.851377	2.43064	2.52744	1.08888	1.10086	2.56404	0.100827	5.2111	5.2111	29	1	1	0	1
0.5	0.1	-0.0849301	0.5	0.1	-0.0516193	1	0.2	-0.136549	0	-0.136549	2.92104	2.92655	0.202348	0.289156	2.67843	0.00573699	34.8833	34.8833	29	2	1	0	1
0.5	0.1	-0.0349662	0.5	0.1	-0.0988833	1	0.2	-0.13385	1	0.86615	3.26488	3.3193	0.952682	0.88215	3.1018	0.0566898	-29.553	-29.553	30	1	1	0	1
0.5	0.1	-0.0988833	0.5	0.1	-0.0716058	1	0.2	-0.170489	1	0.829511	3.29894	3.21184	0.896739	0.951262	3.15932	-0.0907233	20.3336	20.3336	30	2	1	0	1
0.5	0.1	-0.0522144	0.5	0.1	-0.0419858	1	0.2	-0.0942002	0	-0.0942002	2.80423	2.79164	0.268458	0.222215	2.47181	-0.0131179	-18.3054	-18.3054	31	1	1	0	1
0.5	0.1	-0.0988833	0.5	0.1	-0.128041	1	0.2	-0.226925	1	0.773075	2.38555	2.34266	0.985862	0.991732	2.51017	-0.0446738	2.26695	2.26695	31	2	1	0	1
0.5	0.1	-0.0518598	0.5	0.1	-0.0916319	1	0.2	-0.143492	0	-0.143492	2.9116	3.00282	0.205369	0.240992	2.54946	0.0950222	15.4217	15.4217	32	1	1	0	1
0.5	0.1	0.00023105	0.5	0.1	-0.0369848	1	0.2	-0.0367538	1	0.963246	2.51126	2.59554	1.13122	1.15703	2.53354	0.0877934	11.1056	11.1056	32	2	1	0	1
0.5	0.1	-0.0369848	0.5	0.1	-0.0349662	1	0.2	-0.0719511	1	0.928049	3.25126	3.35716	0.907401	0.9702	3.0993	0.110318	27.5508	27.5508	33	1	1	0	1
0.5	0.1	-0.0988833	0.5	0.1	-0.0988833	1	0.2	-0.197767	1	0.802233	3.2009	3.28134	0.839664	0.92991	3.05699	0.0837926	38.692	38.692	33	2	1	0	1
0.5	0.1	-0.0522144	0.5	0.1	-0.0369848	1	0.2	-0.0891993	0	-0.0891993	1.95087	2.0295	0.454623	0.456554	1.85759	0.0819039	0.826294	0.826294	34	1	1	0	1
0.5	0.1	-0.0369848	0.5	0.1	-0.0849301	1	0.2	-0.121915	0	-0.121915	1.9987	2.00098	0.423117	0.465131	1.77224	0.00237727	16.8378	16.8378	34	2	1	0	1
0.5	0.1	-0.0369848	0.5	0.1	-0.0716058	1	0.2	-0.108591	1	0.891409	2.57102	2.59534	1.12427	1.10003	2.54333	0.0253339	-9.89733	-9.89733	35	1	1	0	1
0.5	0.1	-0.0395176	0.5	0.1	-0.0369848	1	0.2	-0.0765025	0	-0.0765025	2.93494	2.94147	0.312548	0.307541	2.47731	0.00680716	-2.01379	-2.01379	35	2	1	0	1
0.5	0.1	-0.0988833	0.5	0.1	-0.0867921	1	0.2	-0.185675	0	-0.185675	1.85165	1.81633	0.388298	0.36939	1.81449	-0.0367838	-7.34726	-7.34726	36	1	1	0	1
0.5	0.1	-0.0516193	0.5	0.1	-0.0988833	1	0.2	-0.150503	0	-0.150503	1.85345	1.84655	0.391092	0.358018	1.87729	-0.00718882	-13.1538	-13.1538	36	2	1	0	1
0.5	0.1	-0.133881	0.5	0.1	-0.0867921	1	0.2	-0.220673	1	0.779327	2.33423	2.37305	1.07975	1.0074	2.40176	0.0404409	-29.908	-29.908	37	1	1	0	1
0.5	0.1	-0.0516193	0.5	0.1	-0.14502	1	0.2	-0.196639	0	-0.196639	2.87226	2.78994	0.207643	0.237811	2.57906	-0.0857479	11.2924	11.2924	37	2	1	0	1
0.5	0.1	-0.0395176	0.5	0.1	-0.0875172	1	0.2	-0.127035	0	-0.127035	2.86779	2.79528	0.27546	0.312442	2.5042	-0.07553	13.9498	13.9498	38	1	1	0	1
0.5	0.1	-0.0516193	0.5	0.1	-0.0988833	1	0.2	-0.150503	1	0.849497	2.50866	2.54404	1.06777	1.00146	2.57028	0.0368533	-27.3297	-27.3297	38	2	1	0	1
0.5	0.1	-0.0369848	0.5	0.1	-0.111776	1	0.2	-0.148761	1	0.851239	2.56688	2.55818	1.11634	1.1655	2.56597	-0.00906411	19.5226	19.5226	39	1	1	0	1
0.5	0.1	-0.0369848	0.5	0.1	-0.012993	1	0.2	-0.0499779	0	-0.0499779	2.97299	3.03286	0.317722	0.313197	2.61105	0.0623679	-1.90517	-1.90517	39	2	1	0	1
0.5	0.1	-0.0988833	0.5	0.1	-0.0369848	1	0.2	-0.135868	1	0.864132	3.27425	3.24501	0.839691	0.804758	3.08727	-0.0304536	-13.6408	-13.6408	40	1	1	0	1
0.5	0.1	-0.0369848	0.5	0.1	-0.0699039	1	0.2	-0.106889	1	0.893111	3.20999	3.18117	0.914868	0.895825	2.99976	-0.0300291	-7.43857	-7.43857	40	2	1	0	1
0.5	0.1	-0.0716058	0.5	0.1	-0.0173379	1	0.2	-0.0889438	0	-0.0889438	2.81616	2.84674	0.266047	0.246069	2.51999	0.0318473	-8.19998	-8.19998	41	1	1	0	1
0.5	0.1	-0.0518598	0.5	0.1	-0.175328	1	0.2	-0.227188	1	0.772812	2.36807	2.38059	1.02557	1.02994	2.49921	0.0130444	1.76478	1.76478	41	2	1	0	1
0.5	0.1	-0.0369848	0.5	0.1	-0.0916319	1	0.2	-0.128617	0	-0.128617	2.93438	2.97517	0.265518	0.318406	2.6144	0.0424965	21.8997	21.8997	42	1	1	0	1
0.5	0.1	-0.0516193	0.5	0.1	-0.0516193	1	0.2	-0.103239	1	0.896761	2.529	2.61759	1.12786	1.14012	2.62651	0.0922808	5.29201	5.29201	42	2	1	0	1
0.5	0.1	-0.012993	0.5	0.1	-0.0369848	1	0.2	-0.0499779	1	0.950022	2.57699	2.55221	1.18516	1.12139	2.51855	-0.0258159	-24.9935	-24.9935	43	1	1	0	1
0.5	0.1	-0.0369848	0.5	0.1	-0.111776	1	0.2	-0.148761	0	-0.148761	3.00943	2.95589	0.224702	0.22306	2.64562	-0.0557758	-0.628813	-0.628813	43	2	1	0	1
0.5	0.1	-0.0369848	0.5	0.1	-0.0716058	1	0.2	-0.108591	0	-0.108591	1.76317	1.65653	0.37245	0.317677	1.88178	-0.111089	-20.121	-20.121	44	1	1	0	1
0.5	0.1	-0.0988833	0.5	0.1	-0.0716058	1	0.2	-0.170489	0	-0.170489	1.83925	1.73167	0.328044	0.252548	1.88026	-0.112066	-27.7138	-27.7138	44	2	1	0	1
0.5	0.1	-0.0349662	0.5	0.1	-0.0716058	1	0.2	-0.106572	1	0.893428	3.2863	3.3233	0.921941	0.909541	3.00339	0.0385484	-5.11749	-5.11749	45	1	1	0	1
0.5	0.1	-0.0349662	0.5	0.1	-0.0988833	1	0.2	-0.13385	1	0.86615	3.28417	3.27619	0.89861	0.930708	3.02825	-0.00831913	12.7544	12.7544	45	2	1	0	1
0.5	0.1	-0.0518598	0.5	0.1	-0.0716058	1	0.2	-0.123466	0	-0.123466	2.87975	2.87799	0.232976	0.234693	2.47745	-0.00183334	0.685681	0.685681	46	1	1	0	1
0.5	0.1	-0.0349662	0.5	0.1	-0.0967635	1	0.2	-0.13173	1	0.86827	2.47017	2.46876	1.0675	1.05916	2.47638	-0.00146747	-3.33143	-3.33143	46	2	1	0	1
0.5	0.1	-0.138395	0.5	0.1	-0.133881	1	0.2	-0.272276	1	0.727724	3.24112	3.23163	0.785715	0.827651	3.13877	-0.00989091	16.6428	16.6428	47	1	1	0	1
0.5	0.1	-0.0369848	0.5	0.1	-0.012993	1	0.2	-0.0499779	1	0.950022	3.23562	3.26929	0.985418	0.980982	3.03187	0.0350734	-1.82549	-1.82549	47	2	1	0	1
0.5	0.1	-0.0419858	0.5	0.1	-0.0395176	1	0.2	-0.0815034	1	0.918497	2.60346	2.62687	1.10211	1.13515	2.49822	0.0243869	13.4801	13.4801	48	1	1	0	1
0.5	0.1	-0.0369848	0.5	0.1	-0.0369848	1	0.2	-0.0739697	0	-0.0739697	2.90916	2.98757	0.311908	0.306468	2.42564	0.0816723	-2.32807	-2.32807	48	2	1	0	1
0.5	0.1	-0.0369848	0.5	0.1	-0.0967635	1	0.2	-0.133748	1	0.866252	2.40631	2.32934	1.09325	1.05541	2.53814	-0.0801766	-14.2267	-14.2267	49	1	1	0	1
0.5	0.1	-0.0716058	0.5	0.1	-0.0988833	1	0.2	-0.170489	0	-0.170489	2.91292	2.85948	0.190515	0.135636	2.63663	-0.0556648	-21.0157	-21.0157	49	2	1	0	1
0.5	0.1	-0.0776376	0.5	0.1	-0.0716058	1	0.2	-0.149243	0	-0.149243	2.96381	2.93767	0.262354	0.256151	2.64621	-0.0272348	-2.42821	-2.42821	50	1	1	0	1
0.5	0.1	-0.0518598	0.5	0.1	-0.0988833	1	0.2	-0.150743	1	0.849257	2.49749	2.4823	1.13528	1.10935	2.58534	-0.0158213	-10.2409	-10.2409	50	2	1	0	1
0.5	0.1	-0.0916319	0.5	0.1	-0.0518598	1	0.2	-0.143492	0	-0.143492	1.96183	2.00237	0.413296	0.375945	1.84432	0.0422366	-15.4629	-15.4629	51	1	1	0	1
0.5	0.1	-0.0369848	0.5	0.1	-0.0516193	1	0.2	-0.0886042	0	-0.0886042	1.94406	1.89074	0.4455	0.463632	1.86473	-0.0555409	6.94432	6.94432	51	2	1	0	1
0.5	0.1	-0.0395176	0.5	0.1	-0.0988833	1	0.2	-0.138401	1	0.861599	2.57212	2.48268	1.13187	1.1185	2.56863	-0.0931651	-4.97701	-4.97701	52	1	1	0	1
0.5	0.1	-0.0369848	0.5	0.1	-0.0349662	1	0.2	-0.0719511	0	-0.0719511	2.98286	2.96958	0.311912	0.245597	2.63292	-0.0138304	-26.2358	-26.2358	52	2	1	0	1
0.5	0.1	-0.0518598	0.5	0.1	-0.0716058	1	0.2	-0.123466	0	-0.123466	2.00172	2.17739	0.417227	0.389746	1.93874	0.182986	-12.8776	-12.8776	53	1	1	0	1
0.5	0.1	-0.0776376	0.5	0.1	-0.015128	1	0.2	-0.0927656	0	-0.0927656	1.96547	1.9037	0.436037	0.571311	1.88465	-0.0643456	51.4605	51.4605	53	2	1	0	1
0.5	0.1	-0.0518598	0.5	0.1	-0.0369848	1	0.2	-0.0888446	0	-0.0888446	2.87783	3.03868	0.270468	0.24388	2.53448	0.167556	-12.2813	-12.2813	54	1	1	0	1
0.5	0.1	-0.0988833	0.5	0.1	-0.0988833	1	0.2	-0.197767	1	0.802233	2.44784	2.4118	1.06691	1.17462	2.50601	-0.0375403	41.8293	41.8293	54	2	1	0	1
0.5	0.1	-0.0419858	0.5	0.1	-0.0875172	1	0.2	-0.129503	0	-0.129503	2.8767	2.90732	0.26654	0.254433	2.52509	0.0318961	-4.96981	-4.96981	55	1	1	0	1
0.5	0.1	-0.0518598	0.5	0.1	-0.0988833	1	0.2	-0.150743	1	0.849257	2.45622	2.47794	1.08788	1.08254	2.51496	0.022626	-2.17336	-2.17336	55	2	1	0	1
0.5	0.1	-0.0516193	0.5	0.1	-0.0369848	1	0.2	-0.0886042	0	-0.0886042	2.84119	2.78546	0.302113	0.323963	2.47542	-0.0580609	8.35196	8.35196	56	1	1	0	1
0.5	0.1	-0.0988833	0.5	0.1	-0.151319	1	0.2	-0.250203	1	0.749797	2.43767	2.4581	1.03772	0.985757	2.49945	0.0212812	-21.1463	-21.1463	56	2	1	0	1
0.5	0.1	-0.0369848	0.5	0.1	-0.0967635	1	0.2	-0.133748	1	0.866252	3.23556	3.24834	0.955883	0.979985	2.95148	0.0133059	9.74456	9.74456	57	1	1	0	1
0.5	0.1	-0.015128	0.5	0.1	-0.14502	1	0.2	-0.160148	1	0.839852	3.28534	3.32707	0.880305	0.884219	3.03894	0.0434648	1.62224	1.62224	57	2	1	0	1
0.5	0.1	-0.0516193	0.5	0.1	-0.133881	1	0.2	-0.1855	0	-0.1855	1.82171	1.79368	0.406293	0.40653	1.84206	-0.029201	0.0926144	0.0926144	58	1	1	0	1
0.5	0.1	-0.111776	0.5	0.1	-0.0988833	1	0.2	-0.210659	0	-0.210659	1.87882	1.88451	0.363601	0.342778	1.86346	0.00592793	-8.36878	-8.36878	58	2	1	0	1
0.5	0.1	-0.073444	0.5	0.1	-0.0988833	1	0.2	-0.172327	1	0.827673	2.4088	2.38837	1.0747	1.07634	2.46376	-0.021277	0.643121	0.643121	59	1	1	0	1
0.5	0.1	-0.0419858	0.5	0.1	-0.0988833	1	0.2	-0.140869	0	-0.140869	2.87718	2.89733	0.222448	0.205652	2.54744	0.0209925	-6.83293	-6.83293	59	2	1	0	1
0.5	0.1	-0.111776	0.5	0.1	-0.0518598	1	0.2	-0.163636	0	-0.163636	1.98563	1.88241	0.406313	0.421204	1.92462	-0.10752	5.48451	5.48451	60	1	1	0	1
0.5	0.1	-0.0369848	0.5	0.1	-0.0369848	1	0.2	-0.0739697	0	-0.0739697	1.91831	1.96327	0.464859	0.3921	1.86141	0.0468341	-30.2366	-30.2366	60	2	1	0	1
0.5	0.1	-0.0349662	0.5	0.1	-0.0518598	1	0.2	-0.086826	0	-0.086826	2.93939	2.94555	0.232199	0.210666	2.58805	0.00641641	-8.6575	-8.6575	61	1	1	0	1
0.5	0.1	-0.0369848	0.5	0.1	-0.0369848	1	0.2	-0.0739697	1	0.92603	2.53495	2.50611	1.1069	1.10359	2.53135	-0.0300477	-1.29351	-1.29351	61	2	1	0	1
0.5	0.1	-0.111776	0.5	0.1	-0.0369848	1	0.2	-0.148761	1	0.851239	2.56572	2.59194	1.11267	1.11445	2.58087	0.0273108	0.730887	0.730887	62	1	1	0	1
0.5	0.1	-0.012993	0.5	0.1	-0.0516193	1	0.2	-0.0646123	0	-0.0646123	2.94315	2.96042	0.317808	0.338963	2.60911	0.0179889	8.58542	8.58542	62	2	1	0	1
0.5	0.1	-0.0967635	0.5	0.1	-0.0516193	1	0.2	-0.148383	0	-0.148383	1.96766	1.94642	0.393099	0.305432	1.9172	-0.0221297	-34.4567	-34.4567	63	1	1	0	1
0.5	0.1	-0.0716058	0.5	0.1	-0.0369848	1	0.2	-0.108591	0	-0.108591	1.87959	1.76696	0.437513	0.435006	1.79459	-0.117323	-0.916501	-0.916501	63	2	1	0	1
0.5	0.1	-0.14502	0.5	0.1	-0.14502	1	0.2	-0.29004	1	0.70996	3.21634	3.26946	0.812705	0.847807	3.10259	0.0553365	14.6915	14.6915	64	1	1	0	1
0.5	0.1	-0.015128	0.5	0.1	-0.0518598	1	0.2	-0.0669878	1	0.933012	3.21817	3.2746	1.00882	1.03063	3.02076	0.0587823	9.15749	9.15749	64	2	1	0	1
0.5	0.1	-0.0694149	0.5	0.1	-0.0516193	1	0.2	-0.121034	1	0.878966	2.52336	2.49095	1.10918	1.09934	2.41295	-0.0337564	-3.83332	-3.83332	65	1	1	0	1
0.5	0.1	-0.0369848	0.5	0.1	-0.073444	1	0.2	-0.110429	0	-0.110429	2.92198	2.93495	0.274738	0.238546	2.47106	0.013508	-14.6353	-14.6353	65	2	1	0	1
0.5	0.1	-0.0699039	0.5	0.1	-0.0967635	1	0.2	-0.166667	0	-0.166667	1.87866	1.90072	0.375806	0.410548	1.90155	0.0229825	14.1571	14.1571	66	1	1	0	1
0.5	0.1	-0.0699039	0.5	0.1	-0.0916319	1	0.2	-0.161536	0	-0.161536	1.87964	1.91237	0.388741	0.404468	1.86415	0.0340973	6.46701	6.46701	66	2	1	0	1
0.5	0.1	-0.128041	0.5	0.1	-0.0649048	1	0.2	-0.192946	0	-0.192946	2.93671	2.94647	0.233799	0.240546	2.57901	0.0101697	2.72068	2.72068	67	1	1	0	1
0.5	0.1	-0.0988833	0.5	0.1	-0.0716058	1	0.2	-0.170489	1	0.829511	2.45145	2.44025	1.10782	1.12307	2.52473	-0.0116575	6.04219	6.04219	67	2	1	0	1
0.5	0.1	-0.0369848	0.5	0.1	-0.073444	1	0.2	-0.110429	1	0.889571	2.47447	2.4449	1.15301	1.145	2.48661	-0.0308024	-3.12984	-3.12984	68	1	1	0	1
0.5	0.1	-0.0518598	0.5	0.1	-0.0988833	1	0.2	-0.150743	0	-0.150743	2.98967	2.98773	0.217777	0.191811	2.60471	-0.00201902	-10.3697	-10.3697	68	2	1	0	1
0.5	0.1	-0.0699039	0.5	0.1	-0.012993	1	0.2	-0.082897	1	0.917103	3.25568	3.18547	0.985405	0.909597	2.97831	-0.0731287	-28.6471	-28.6471	69	1	1	0	1
0.5	0.1	-0.0518598	0.5	0.1	-0.14502	1	0.2	-0.19688	1	0.80312	3.27592	3.2091	0.849731	0.787847	3.05621	-0.0696074	-23.4479	-23.4479	69	2	1	0	1
0.5	0.1	-0.0369848	0.5	0.1	-0.0967635	1	0.2	-0.133748	0	-0.133748	2.02881	2.04418	0.441035	0.430128	1.99312	0.0160123	-4.4194	-4.4194	70	1	1	0	1
0.5	0.1	-0.0369848	0.5	0.1	-0.0395176	1	0.2	-0.0765025	0	-0.0765025	2.00818	1.98113	0.487918	0.487239	1.96843	-0.028175	-0.265631	-0.265631	70	2	1	0	1
0.5	0.1	-0.0369848	0.5	0.1	-0.111776	1	0.2	-0.148761	1	0.851239	2.47577	2.53836	1.08749	1.06415	2.50657	0.0651938	-9.8505	-9.8505	71	1	1	0	1
0.5	0.1	-0.0516193	0.5	0.1	-0.0988833	1	0.2	-0.150503	0	-0.150503	2.90122	2.87294	0.255094	0.299845	2.51241	-0.0294555	17.4883	17.4883	71	2	1	0	1
0.5	0.1	-0.114448	0.5	0.1	-0.0395176	1	0.2	-0.153965	1	0.846035	2.4895	2.50662	1.07195	1.11487	2.51765	0.0178428	17.4178	17.4178	72	1	1	0	1
0.5	0.1	-0.0369848	0.5	0.1	-0.012993	1	0.2	-0.0499779	0	-0.0499779	2.88524	2.9702	0.258602	0.277252	2.58726	0.0884985	8.02845	8.02845	72	2	1	0	1
0.5	0.1	-0.0716058	0.5	0.1	-0.0988833	1	0.2	-0.170489	0	-0.170489	2.02472	2.13156	0.413229	0.41994	2.00152	0.11129	2.94672	2.94672	73	1	1	0	1
0.5	0.1	-0.0967635	0.5	0.1	0.0105206	1	0.2	-0.0862429	0	-0.0862429	1.94353	1.95546	0.490482	0.554348	1.85087	0.0124308	25.8033	25.8033	73	2	1	0	1
0.5	0.1	-0.0369848	0.5	0.1	-0.0395176	1	0.2	-0.0765025	1	0.923498	3.32411	3.24597	0.998135	0.895787	2.95994	-0.0814016	-38.4362	-38.4362	74	1	1	0	1
0.5	0.1	-0.0516193	0.5	0.1	-0.0516193	1	0.2	-0.103239	1	0.896761	3.37965	3.27837	0.919271	0.837687	3.04725	-0.1055	-30.094	-30.094	74	2	1	0	1
0.5	0.1	-0.0776376	0.5	0.1	-0.0988833	1	0.2	-0.176521	0	-0.176521	1.92858	2.06454	0.361053	0.365141	1.9476	0.141628	1.84398	1.84398	75	1	1	0	1
0.5	0.1	-0.0776376	0.5	0.1	-0.0518598	1	0.2	-0.129497	0	-0.129497	1.83303	1.85262	0.432305	0.511272	1.89919	0.0204056	32.1109	32.1109	75	2	1	0	1
0.5	0.1	-0.015128	0.5	0.1	-0.0518598	1	0.2	-0.0669878	1	0.933012	2.58014	2.60002	1.14617	1.14389	2.51959	0.0207028	-0.928144	-0.928144	76	1	1	0	1
0.5	0.1	-0.012993	0.5	0.1	-0.0716058	1	0.2	-0.0845989	0	-0.0845989	2.99009	2.99858	0.26248	0.272226	2.61465	0.00884617	3.92617	3.92617	76	2	1	0	1
0.5	0.1	-0.0349662	0.5	0.1	-0.0694149	1	0.2	-0.104381	1	0.895619	2.46187	2.52172	1.1739	1.15698	2.42966	0.0623486	-7.12482	-7.12482	77	1	1	0	1
0.5	0.1	-0.111776	0.5	0.1	-0.073444	1	0.2	-0.18522	0	-0.18522	3.00489	2.99226	0.208248	0.244398	2.60871	-0.0131543	14.3096	14.3096	77	2	1	0	1
0.5	0.1	-0.106467	0.5	0.1	-0.012993	1	0.2	-0.11946	1	0.88054	3.25048	3.23221	0.938845	1.03525	3.0967	-0.0190302	37.9829	37.9829	78	1	1	0	1
0.5	0.1	-0.114448	0.5	0.1	-0.0716058	1	0.2	-0.186053	1	0.813947	3.26416	3.36269	0.863891	0.859285	3.14786	0.102644	-2.00708	-2.00708	78	2	1	0	1
0.5	0.1	-0.0395176	0.5	0.1	-0.012993	1	0.2	-0.0525107	0	-0.0525107	2.02922	1.96602	0.499451	0.474594	1.96943	-0.0658342	-9.44543	-9.44543	79	1	1	0	1
0.5	0.1	-0.0988833	0.5	0.1	0.0240195	1	0.2	-0.0748638	0	-0.0748638	2.10765	2.04903	0.452089	0.412949	1.99405	-0.0610661	-14.9268	-14.9268	79	2	1	0	1
0.5	0.1	-0.0518598	0.5	0.1	-0.0516193	1	0.2	-0.103479	1	0.896521	2.53342	2.31551	1.1843	1.16713	2.52154	-0.226987	-5.81304	-5.81304	80	1	1	0	1
0.5	0.1	-0.0302403	0.5	0.1	-0.0988833	1	0.2	-0.129124	0	-0.129124	3.03352	3.01329	0.257978	0.0887002	2.63415	-0.0210756	-66.5883	-66.5883	80	2	1	0	1
0.5	0.1	-0.0369848	0.5	0.1	-0.012993	1	0.2	-0.0499779	1	0.950022	2.62692	2.6004	1.10511	1.06508	2.70668	-0.027629	-15.664	-15.664	81	1	1	0	1
0.5	0.1	-0.0369848	0.5	0.1	-0.0516193	1	0.2	-0.0886042	0	-0.0886042	2.92918	2.89424	0.267678	0.267206	2.61752	-0.0363911	-0.183138	-0.183138	81	2	1	0	1
0.5	0.1	0.00023105	0.5	0.1	-0.0518598	1	0.2	-0.0516287	0	-0.0516287	2.92902	2.94161	0.326818	0.304638	2.49185	0.0131108	-8.96575	-8.96575	82	1	1	0	1
0.5	0.1	-0.0516193	0.5	0.1	-0.0694149	1	0.2	-0.121034	1	0.878966	2.60196	2.57741	1.09141	1.09411	2.50872	-0.0255754	1.06035	1.06035	82	2	1	0	1
0.5	0.1	-0.0875172	0.5	0.1	-0.0988833	1	0.2	-0.186401	1	0.813599	2.43085	2.44862	1.07432	1.03957	2.59331	0.0185055	-14.1098	-14.1098	83	1	1	0	1
0.5	0.1	-0.0369848	0.5	0.1	-0.0988833	1	0.2	-0.135868	0	-0.135868	2.86332	2.84758	0.254337	0.26432	2.57635	-0.0163898	3.94158	3.94158	83	2	1	0	1
0.5	0.1	-0.138395	0.5	0.1	-0.0516193	1	0.2	-0.190014	1	0.809986	3.24875	3.29568	0.888391	0.888884	3.12417	0.0488885	0.205083	0.205083	84	1	1	0	1
0.5	0.1	-0.012993	0.5	0.1	-0.0988833	1	0.2	-0.111876	1	0.888124	3.27717	3.27485	0.927063	0.97536	3.14151	-0.00241799	19.2815	19.2815	84	2	1	0	1
0.5	0.1	-0.0516193	0.5	0.1	-0.0369848	1	0.2	-0.0886042	0	-0.0886042	2.03528	2.03184	0.514224	0.496188	1.87913	-0.00358292	-7.19377	-7.19377	85	1	1	0	1
0.5	0.1	-0.0967635	0.5	0.1	-0.0349662	1	0.2	-0.13173	0	-0.13173	2.07943	2.05685	0.479219	0.46743	1.9924	-0.0235225	-4.62846	-4.62846	85	2	1	0	1
0.5	0.1	-0.0522144	0.5	0.1	-0.0516193	1	0.2	-0.103834	1	0.896166	2.54479	2.48901	1.18494	1.14336	2.49308	-0.0581067	-15.8944	-15.8944	86	1	1	0	1
0.5	0.1	-0.0518598	0.5	0.1	-0.0716058	1	0.2	-0.123466	0	-0.123466	3.03278	2.99068	0.268706	0.219491	2.68772	-0.0438558	-19.019	-19.019	86	2	1	0	1
0.5	0.1	-0.0776376	0.5	0.1	-0.0516193	1	0.2	-0.129257	0	-0.129257	2.92059	3.06169	0.234059	0.267952	2.56261	0.14698	15.364	15.364	87	1	1	0	1
0.5	0.1	-0.0516193	0.5	0.1	-0.0716058	1	0.2	-0.123225	1	0.876775	2.45648	2.52917	1.11107	1.20237	2.45979	0.0757264	38.8743	38.8743	87	2	1	0	1
0.5	0.1	-0.0419858	0.5	0.1	-0.0518598	1	0.2	-0.0938456	0	-0.0938456	2.90699	2.76094	0.262652	0.21304	2.59457	-0.152132	-17.6918	-17.6918	88	1	1	0	1
0.5	0.1	-0.015128	0.5	0.1	-0.0988833	1	0.2	-0.114011	1	0.885989	2.516	2.43525	1.08338	0.970342	2.54264	-0.0841141	-42.3631	-42.3631	88	2	1	0	1
0.5	0.1	-0.0716058	0.5	0.1	-0.0716058	1	0.2	-0.143212	1	0.856788	2.44715	2.38523	1.09838	1.00713	2.51243	-0.0645012	-34.7094	-34.7094	89	1	1	0	1
0.5	0.1	-0.0516193	0.5	0.1	-0.0967635	1	0.2	-0.148383	0	-0.148383	2.91481	2.79977	0.232985	0.190457	2.61859	-0.11984	-15.5231	-15.5231	89	2	1	0	1
0.5	0.1	-0.0395176	0.5	0.1	-0.0967635	1	0.2	-0.136281	0	-0.136281	2.94303	2.92399	0.285105	0.260889	2.57812	-0.0198389	-9.5354	-9.5354	90	1	1	0	1
0.5	0.1	-0.0988833	0.5	0.1	-0.0518598	1	0.2	-0.150743	1	0.849257	2.51429	2.48772	1.12187	1.09673	2.50302	-0.0276769	-9.83565	-9.83565	90	2	1	0	1
0.5	0.1	-0.0518598	0.5	0.1	-0.015128	1	0.2	-0.0669878	1	0.933012	3.32192	3.34476	0.899548	0.819055	2.94438	0.0237866	-32.8219	-32.8219	91	1	1	0	1
0.5	0.1	-0.0988833	0.5	0.1	-0.015128	1	0.2	-0.114011	1	0.885989	3.26037	3.19496	0.906025	0.931544	2.90432	-0.068137	9.68	9.68	91	2	1	0	1
0.5	0.1	-0.0875172	0.5	0.1	-0.0349662	1	0.2	-0.122483	1	0.877517	3.34156	3.43991	0.929425	0.925162	3.09113	0.102446	-1.85724	-1.85724	92	1	1	0	1
0.5	0.1	-0.0369848	0.5	0.1	-0.0518598	1	0.2	-0.0888446	1	0.911155	3.34757	3.32967	0.936363	1.05611	3.11916	-0.0186404	47.1959	47.1959	92	2	1	0	1
0.5	0.1	-0.0699039	0.5	0.1	-0.015128	1	0.2	-0.0850319	0	-0.0850319	2.97438	2.94998	0.27125	0.224915	2.71923	-0.0254242	-18.1642	-18.1642	93	1	1	0	1
0.5	0.1	-0.101402	0.5	0.1	-0.0516193	1	0.2	-0.153021	1	0.846979	2.48205	2.43816	1.13026	1.10623	2.55298	-0.0457257	-9.27005	-9.27005	93	2	1	0	1
0.5	0.1	-0.0369848	0.5	0.1	-0.0875172	1	0.2	-0.124502	1	0.875498	2.52604	2.51824	1.09231	1.04011	2.56008	-0.00812453	-20.7445	-20.7445	94	1	1	0	1
0.5	0.1	-0.0349662	0.5	0.1	-0.0369848	1	0.2	-0.0719511	0	-0.0719511	2.92581	2.86524	0.249533	0.268161	2.68174	-0.0630971	7.09346	7.09346	94	2	1	0	1
0.5	0.1	-0.151319	0.5	0.1	-0.0518598	1	0.2	-0.203179	1	0.796821	2.46314	2.46997	1.00467	0.975559	2.47672	0.00711569	-11.7101	-11.7101	95	1	1	0	1
0.5	0.1	-0.0516193	0.5	0.1	-0.0349662	1	0.2	-0.0865855	0	-0.0865855	2.80535	2.77339	0.268343	0.29977	2.40729	-0.0332946	12.2448	12.2448	95	2	1	0	1
0.5	0.1	-0.101402	0.5	0.1	-0.0699039	1	0.2	-0.171306	1	0.828694	3.31679	3.36921	0.921795	0.860375	3.08135	0.0546087	-25.6904	-25.6904	96	1	1	0	1
0.5	0.1	-0.0349662	0.5	0.1	-0.0716058	1	0.2	-0.106572	1	0.893428	3.30815	3.2472	0.976417	1.02938	3.06319	-0.0634924	20.1631	20.1631	96	2	1	0	1
0.5	0.1	-0.0611741	0.5	0.1	-0.0776376	1	0.2	-0.138812	1	0.861188	2.46911	2.49046	1.13753	1.16897	2.51554	0.0222403	12.8054	12.8054	97	1	1	0	1
0.5	0.1	-0.0522144	0.5	0.1	-0.111776	1	0.2	-0.16399	0	-0.16399	2.97104	3.01219	0.226816	0.251084	2.57816	0.0428687	10.0521	10.0521	97	2	1	0	1
0.5	0.1	-0.0776376	0.5	0.1	-0.0699039	1	0.2	-0.147542	1	0.852458	3.27855	3.27431	0.842709	0.804154	3.13269	-0.00441353	-15.3675	-15.3675	98	1	1	0	1
0.5	0.1	-0.0369848	0.5	0.1	-0.0349662	1	0.2	-0.0719511	1	0.928049	3.25446	3.2171	0.938748	0.929827	3.06489	-0.038923	-3.4606	-3.4606	98	2	1	0	1
0.5	0.1	-0.0369848	0.5	0.1	-0.0369848	1	0.2	-0.0739697	1	0.92603	2.59339	2.56003	1.19718	1.16878	2.49601	-0.0347518	-11.0536	-11.0536	99	1	1	0	1
0.5	0.1	-0.0369848	0.5	0.1	-0.0699039	1	0.2	-0.106889	0	-0.106889	3.03926	3.02659	0.278331	0.246268	2.73889	-0.0131976	-12.6911	-12.6911	99	2	1	0	1
0.5	0.1	-0.0967635	0.5	0.1	-0.0369848	1	0.2	-0.133748	1	0.866252	3.35554	3.27541	0.995091	0.900468	3.11662	-0.0834736	-35.4798	-35.4798	100	1	1	0	1
0.5	0.1	-0.0419858	0.5	0.1	-0.0516193	1	0.2	-0.0936051	1	0.906395	3.38474	3.30224	0.984542	0.909797	3.20723	-0.0859382	-27.975	-27.975	100	2	1	0	1
0.5	0.1	-0.0395176	0.5	0.1	-0.0518598	1	0.2	-0.0913774	0	-0.0913774	1.92334	1.94731	0.430811	0.525088	1.9232	0.0249696	38.4795	38.4795	101	1	1	0	1
0.5	0.1	-0.0699039	0.5	0.1	-0.0518598	1	0.2	-0.121764	0	-0.121764	1.93428	2.10759	0.403553	0.414351	1.96972	0.180535	5.048	5.048	101	2	1	0	1
0.5	0.1	-0.0699039	0.5	0.1	-0.101402	1	0.2	-0.171306	1	0.828694	3.35126	3.22858	0.849722	0.844968	3.23072	-0.12779	-1.72506	-1.72506	102	1	1	0	1
0.5	0.1	-0.0699039	0.5	0.1	0.00023105	1	0.2	-0.0696729	1	0.930327	3.28124	3.26123	1.00913	0.901424	3.07659	-0.0208531	-42.3739	-42.3739	102	2	1	0	1
0.5	0.1	-0.0988833	0.5	0.1	-0.0988833	1	0.2	-0.197767	0	-0.197767	2.90235	3.01327	0.220863	0.226298	2.5314	0.115543	2.39541	2.39541	103	1	1	0	1
0.5	0.1	-0.0516193	0.5	0.1	-0.0516193	1	0.2	-0.103239	1	0.896761	2.50425	2.50004	1.08197	1.17365	2.51215	-0.00438957	36.5404	36.5404	103	2	1	0	1
0.5	0.1	-0.0836946	0.5	0.1	-0.138395	1	0.2	-0.22209	0	-0.22209	1.89625	1.9281	0.314626	0.301573	1.89621	0.0331759	-5.36357	-5.36357	104	1	1	0	1
0.5	0.1	-0.0369848	0.5	0.1	-0.0699039	1	0.2	-0.106889	0	-0.106889	1.78517	1.76165	0.416168	0.437826	1.71946	-0.0245008	8.49653	8.49653	104	2	1	0	1
0.5	0.1	-0.0988833	0.5	0.1	-0.0233506	1	0.2	-0.122234	0	-0.122234	2.96293	2.99236	0.262545	0.207989	2.69271	0.0306557	-22.3709	-22.3709	105	1	1	0	1
0.5	0.1	-0.0988833	0.5	0.1	-0.0369848	1	0.2	-0.135868	1	0.864132	2.502	2.43722	1.1398	1.1443	2.58676	-0.0674795	1.70749	1.70749	105	2	1	0	1
0.5	0.1	-0.0369848	0.5	0.1	-0.0716058	1	0.2	-0.108591	1	0.891409	3.25791	3.26876	0.930851	0.899434	3.13698	0.011307	-12.6817	-12.6817	106	1	1	0	1
0.5	0.1	-0.0716058	0.5	0.1	-0.0369848	1	0.2	-0.108591	1	0.891409	3.31256	3.2849	0.87915	0.883294	3.21623	-0.0288066	1.62026	1.62026	106	2	1	0	1
0.5	0.1	-0.0699039	0.5	0.1	-0.0395176	1	0.2	-0.109422	0	-0.109422	1.93716	1.97701	0.439294	0.401495	1.85662	0.0415133	-15.6391	-15.6391	107	1	1	0	1
0.5	0.1	0.0216748	0.5	0.1	-0.14502	1	0.2	-0.123345	0	-0.123345	1.98378	1.91486	0.405257	0.438149	1.89522	-0.07179	12.4422	12.4422	107	2	1	0	1
0.5	0.1	-0.0916319	0.5	0.1	-0.0369848	1	0.2	-0.128617	0	-0.128617	2.0054	2.02235	0.433626	0.496272	1.98053	0.0176564	25.4178	25.4178	108	1	1	0	1
0.5	0.1	-0.0516193	0.5	0.1	-0.0349662	1	0.2	-0.0865855	0	-0.0865855	1.98565	2.0778	0.470783	0.474271	1.91246	0.095988	1.51119	1.51119	108	2	1	0	1
0.5	0.1	-0.0369848	0.5	0.1	-0.0875172	1	0.2	-0.124502	0	-0.124502	1.93418	2.03541	0.372324	0.3639	1.85363	0.105439	-3.67994	-3.67994	109	1	1	0	1
0.5	0.1	-0.0518598	0.5	0.1	-0.0699039	1	0.2	-0.121764	0	-0.121764	1.90755	1.8561	0.348753	0.480676	1.80877	-0.0536018	50.5995	50.5995	109	2	1	0	1
0.5	0.1	-0.0988833	0.5	0.1	-0.14502	1	0.2	-0.243903	1	0.756097	3.14094	2.98064	0.90667	0.824069	2.98106	-0.166975	-29.1469	-29.1469	110	1	1	0	1
0.5	0.1	-0.0967635	0.5	0.1	-0.0967635	1	0.2	-0.193527	1	0.806473	3.19653	3.10062	0.905728	0.743795	3.01862	-0.0999062	-59.9794	-59.9794	110	2	1	0	1
0.5	0.1	-0.0395176	0.5	0.1	-0.0518598	1	0.2	-0.0913774	0	-0.0913774	1.92777	2.10264	0.408849	0.310597	1.82824	0.182164	-46.0054	-46.0054	111	1	1	0	1
0.5	0.1	-0.0395176	0.5	0.1	-0.0967635	1	0.2	-0.136281	0	-0.136281	1.93793	1.7626	0.383534	0.520717	1.83659	-0.182629	47.8782	47.8782	111	2	1	0	1
0.5	0.1	-0.111776	0.5	0.1	-0.111776	1	0.2	-0.223552	0	-0.223552	2.0544	2.04385	0.35622	0.408031	1.98704	-0.0109872	20.544	20.544	112	1	1	0	1
0.5	0.1	-0.0649048	0.5	0.1	-0.015128	1	0.2	-0.0800328	0	-0.0800328	1.87545	1.94447	0.512024	0.510634	1.78714	0.0718913	-0.590138	-0.590138	112	2	1	0	1
0.5	0.1	-0.0419858	0.5	0.1	-0.0395176	1	0.2	-0.0815034	0	-0.0815034	3.03557	3.09647	0.296687	0.304108	2.66214	0.0634356	3.12709	3.12709	113	1	1	0	1
0.5	0.1	-0.0518598	0.5	0.1	-0.0369848	1	0.2	-0.0888446	1	0.911155	2.58984	2.61466	1.17305	1.22333	2.59638	0.0258535	20.5335	20.5335	113	2	1	0	1
0.5	0.1	-0.0967635	0.5	0.1	-0.111776	1	0.2	-0.208539	0	-0.208539	2.99761	3.03876	0.240447	0.210713	2.58879	0.0428631	-12.3157	-12.3157	114	1	1	0	1
0.5	0.1	-0.0369848	0.5	0.1	-0.0516193	1	0.2	-0.0886042	1	0.911396	2.52577	2.4975	1.17025	1.19361	2.52063	-0.029443	9.12858	9.12858	114	2	1	0	1
0.5	0.1	-0.0516193	0.5	0.1	-0.0518598	1	0.2	-0.103479	1	0.896521	3.39548	3.34518	0.890255	0.860676	3.24042	-0.0523955	-11.3558	-11.3558	115	1	1	0	1
0.5	0.1	-0.0518598	0.5	0.1	0.0216748	1	0.2	-0.030185	1	0.969815	3.37767	3.32209	0.987109	0.952657	3.14079	-0.0578935	-13.171	-13.171	115	2	1	0	1
0.5	0.1	-0.0419858	0.5	0.1	-0.0988833	1	0.2	-0.140869	0	-0.140869	2.87859	2.78739	0.22468	0.240879	2.45942	-0.0950022	6.02186	6.02186	116	1	1	0	1
0.5	0.1	-0.0518598	0.5	0.1	-0.0369848	1	0.2	-0.0888446	1	0.911155	2.50572	2.50678	1.08109	0.995941	2.5073	0.00109737	-34.0886	-34.0886	116	2	1	0	1
0.5	0.1	-0.0369848	0.5	0.1	-0.0967635	1	0.2	-0.133748	0	-0.133748	2.07343	2.10128	0.484729	0.483825	1.96291	0.0290101	-0.370434	-0.370434	117	1	1	0	1
0.5	0.1	-0.0699039	0.5	0.1	-0.012993	1	0.2	-0.082897	0	-0.082897	2.07335	2.05661	0.515578	0.527434	1.89896	-0.0174453	4.67725	4.67725	117	2	1	0	1
0.5	0.1	-0.0369848	0.5	0.1	-0.0716058	1	0.2	-0.108591	0	-0.108591	1.93845	2.05337	0.430069	0.488643	1.96234	0.119709	25.9111	25.9111	118	1	1	0	1
0.5	0.1	-0.100105	0.5	0.1	-0.0699039	1	0.2	-0.170009	0	-0.170009	1.90866	2.02483	0.414407	0.487758	1.91283	0.121004	32.4847	32.4847	118	2	1	0	1
0.5	0.1	-0.0699039	0.5	0.1	-0.0302403	1	0.2	-0.100144	0	-0.100144	2.0066	1.98908	0.447658	0.463262	1.94091	-0.0182465	6.15174	6.15174	119	1	1	0	1
0.5	0.1	-0.0699039	0.5	0.1	-0.0369848	1	0.2	-0.106889	0	-0.106889	1.98083	2.01872	0.477873	0.442256	1.91372	0.0394723	-14.7114	-14.7114	119	2	1	0	1
0.5	0.1	-0.0836946	0.5	0.1	-0.0369848	1	0.2	-0.120679	1	0.879321	2.55156	2.56332	1.10136	0.978281	2.5644	0.0122508	-49.7199	-49.7199	120	1	1	0	1
0.5	0.1	-0.0369848	0.5	0.1	-0.0716058	1	0.2	-0.108591	0	-0.108591	2.90292	2.77001	0.289295	0.308707	2.59657	-0.138448	6.99039	6.99039	120	2	1	0	1
0.5	0.1	0.00023105	0.5	0.1	-0.0369848	1	0.2	-0.0367538	0	-0.0367538	2.06846	1.94071	0.497099	0.596132	1.97633	-0.133069	35.8018	35.8018	121	1	1	0	1
0.5	0.1	-0.0369848	0.5	0.1	-0.0694149	1	0.2	-0.1064	0	-0.1064	2.10681	2.22164	0.464522	0.394843	1.99553	0.119608	-30.8205	-30.8205	121	2	1	0	1
0.5	0.1	-0.0369848	0.5	0.1	-0.129113	1	0.2	-0.166098	0	-0.166098	1.95344	1.98863	0.406784	0.405429	1.99539	0.0366553	-0.558398	-0.558398	122	1	1	0	1
0.5	0.1	-0.0988833	0.5	0.1	-0.015128	1	0.2	-0.114011	0	-0.114011	1.94767	1.92537	0.443618	0.459979	2.00196	-0.0232289	6.42505	6.42505	122	2	1	0	1
0.5	0.1	-0.0967635	0.5	0.1	-0.0518598	1	0.2	-0.148623	0	-0.148623	2.99478	3.04454	0.282682	0.277121	2.67891	0.0518345	-2.32068	-2.32068	123	1	1	0	1
0.5	0.1	-0.0395176	0.5	0.1	-0.0395176	1	0.2	-0.0790352	1	0.920965	2.59055	2.59401	1.18515	1.19404	2.61717	0.00360027	3.56488	3.56488	123	2	1	0	1
0.5	0.1	-0.0516193	0.5	0.1	-0.0369848	1	0.2	-0.0886042	1	0.911396	3.39127	3.3592	0.973517	0.92826	3.11196	-0.0334068	-17.6318	-17.6318	124	1	1	0	1
0.5	0.1	-0.0369848	0.5	0.1	-0.0369848	1	0.2	-0.0739697	1	0.92603	3.40006	3.35295	0.976869	0.947857	3.12316	-0.0490734	-11.1662	-11.1662	124	2	1	0	1
0.5	0.1	-0.015128	0.5	0.1	0.00023105	1	0.2	-0.0148969	0	-0.0148969	1.86982	1.90801	0.453178	0.452585	1.86927	0.0397852	-0.244709	-0.244709	125	1	1	0	1
0.5	0.1	-0.0988833	0.5	0.1	-0.0699039	1	0.2	-0.168787	0	-0.168787	1.97737	1.9749	0.319632	0.366067	2.00785	-0.00257102	18.5359	18.5359	125	2	1	0	1
0.5	0.1	-0.0369848	0.5	0.1	-0.151319	1	0.2	-0.188304	0	-0.188304	1.88792	1.89248	0.326058	0.385718	1.96642	0.00474697	23.9551	23.9551	126	1	1	0	1
0.5	0.1	-0.0716058	0.5	0.1	0.00023105	1	0.2	-0.0713748	0	-0.0713748	1.81458	1.90922	0.419832	0.405058	1.85072	0.0985777	-6.41541	-6.41541	126	2	1	0	1
0.5	0.1	-0.0369848	0.5	0.1	-0.138395	1	0.2	-0.17538	0	-0.17538	2.00588	2.01751	0.42245	0.380268	2.02799	0.0121165	-17.0381	-17.0381	127	1	1	0	1
0.5	0.1	-0.00518876	0.5	0.1	-0.0967635	1	0.2	-0.101952	0	-0.101952	1.94269	1.89137	0.48499	0.480798	1.87399	-0.0534503	-1.60794	-1.60794	127	2	1	0	1
0.5	0.1	-0.0349662	0.5	0.1	-0.0369848	1	0.2	-0.0719511	0	-0.0719511	1.99597	2.00513	0.432476	0.387605	1.91033	0.00954081	-18.0866	-18.0866	128	1	1	0	1
0.5	0.1	-0.015128	0.5	0.1	-0.0369848	1	0.2	-0.0521128	0	-0.0521128	2.01227	1.9249	0.434499	0.447426	1.98521	-0.0910021	4.82006	4.82006	128	2	1	0	1
0.5	0.1	-0.0988833	0.5	0.1	-0.0395176	1	0.2	-0.138401	0	-0.138401	1.92019	1.97297	0.394927	0.434068	1.97132	0.054979	16.377	16.377	129	1	1	0	1
0.5	0.1	-0.0649048	0.5	0.1	-0.0395176	1	0.2	-0.104422	0	-0.104422	1.89663	1.97444	0.422425	0.442677	1.92458	0.0810456	8.66232	8.66232	129	2	1	0	1
0.5	0.1	-0.106467	0.5	0.1	-0.0516193	1	0.2	-0.158087	1	0.841913	3.28344	3.29113	0.913842	0.976857	3.08287	0.0080041	25.3683	25.3683	130	1	1	0	1
0.5	0.1	-0.0419858	0.5	0.1	-0.0516193	1	0.2	-0.0936051	1	0.906395	3.32522	3.38536	0.942226	0.947262	3.09259	0.0626487	2.12062	2.12062	130	2	1	0	1
0.5	0.1	-0.0369848	0.5	0.1	-0.015128	1	0.2	-0.0521128	0	-0.0521128	2.92575	2.89518	0.308186	0.370094	2.5742	-0.0318395	24.1484	24.1484	131	1	1	0	1
0.5	0.1	-0.0369848	0.5	0.1	-0.073444	1	0.2	-0.110429	1	0.889571	2.57897	2.6704	1.1034	1.06323	2.70854	0.0952485	-17.3911	-17.3911	131	2	1	0	1
0.5	0.1	-0.0369848	0.5	0.1	-0.0716058	1	0.2	-0.108591	0	-0.108591	1.97127	2.13514	0.484179	0.507858	1.89711	0.170701	10.9699	10.9699	132	1	1	0	1
0.5	0.1	-0.0518598	0.5	0.1	-0.0967635	1	0.2	-0.148623	0	-0.148623	2.00238	2.0543	0.446777	0.543997	1.99785	0.0540791	40.6463	40.6463	132	2	1	0	1
0.5	0.1	-0.151319	0.5	0.1	-0.0518598	1	0.2	-0.203179	0	-0.203179	2.88542	2.83088	0.178502	0.158381	2.548	-0.0568136	-7.69844	-7.69844	133	1	1	0	1
0.5	0.1	-0.0349662	0.5	0.1	-0.0776376	1	0.2	-0.112604	1	0.887396	2.42149	2.37916	1.086	1.03732	2.52764	-0.0440949	-18.8066	-18.8066	133	2	1	0	1
0.5	0.1	-0.14502	0.5	0.1	-0.0699039	1	0.2	-0.214924	0	-0.214924	2.87791	2.78935	0.144154	0.207137	2.51104	-0.092251	23.4617	23.4617	134	1	1	0	1
0.5	0.1	-0.0988833	0.5	0.1	-0.0699039	1	0.2	-0.168787	1	0.831213	2.33116	2.38317	1.07598	1.00895	2.43803	0.0541768	-28.0266	-28.0266	134	2	1	0	1
0.5	0.1	-0.0369848	0.5	0.1	-0.151319	1	0.2	-0.188304	0	-0.188304	2.9336	3.04323	0.197985	0.249535	2.69147	0.114202	22.6931	22.6931	135	1	1	0	1
0.5	0.1	-0.0875172	0.5	0.1	-0.0522144	1	0.2	-0.139732	1	0.860268	2.38585	2.48625	1.12526	1.19773	2.49118	0.104579	31.6338	31.6338	135	2	1	0	1
0.5	0.1	-0.0699039	0.5	0.1	-0.0369848	1	0.2	-0.106889	0	-0.106889	1.9646	2.07758	0.429382	0.468465	1.93181	0.117693	17.2579	17.2579	136	1	1	0	1
0.5	0.1	-0.0516193	0.5	0.1	-0.0369848	1	0.2	-0.0886042	0	-0.0886042	1.94388	2.03298	0.456387	0.502244	1.90236	0.0928067	19.8139	19.8139	136	2	1	0	1
0.5	0.1	-0.0967635	0.5	0.1	-0.0716058	1	0.2	-0.168369	1	0.831631	2.41156	2.33325	1.04918	1.09282	2.44504	-0.0815713	16.3838	16.3838	137	1	1	0	1
0.5	0.1	-0.0716058	0.5	0.1	-0.0516193	1	0.2	-0.123225	0	-0.123225	2.861	2.9208	0.218205	0.16082	2.50937	0.0622957	-24.1579	-24.1579	137	2	1	0	1
0.5	0.1	-0.0369848	0.5	0.1	-0.0776376	1	0.2	-0.114622	1	0.885378	3.28651	3.34233	0.931118	0.965233	3.06827	0.0581448	14.312	14.312	138	1	1	0	1
0.5	0.1	-0.0776376	0.5	0.1	-0.0699039	1	0.2	-0.147542	1	0.852458	3.28906	3.32172	0.901705	0.955152	3.0845	0.0340184	21.9769	21.9769	138	2	1	0	1
0.5	0.1	-0.0522144	0.5	0.1	-0.0349662	1	0.2	-0.0871806	1	0.912819	2.5099	2.42563	1.07419	1.04432	2.55695	-0.0877773	-11.1638	-11.1638	139	1	1	0	1
0.5	0.1	-0.0716058	0.5	0.1	-0.015128	1	0.2	-0.0867338	0	-0.0867338	2.92705	2.86099	0.210043	0.171425	2.57223	-0.0688157	-14.6413	-14.6413	139	2	1	0	1
0.5	0.1	-0.0516193	0.5	0.1	-0.0988833	1	0.2	-0.150503	1	0.849497	2.46711	2.54315	1.08091	1.05853	2.35594	0.0792112	-9.55917	-9.55917	140	1	1	0	1
0.5	0.1	-0.0518598	0.5	0.1	-0.012993	1	0.2	-0.0648528	0	-0.0648528	2.89798	2.89094	0.25502	0.305344	2.46172	-0.0073303	20.0119	20.0119	140	2	1	0	1
0.5	0.1	-0.0369848	0.5	0.1	-0.111776	1	0.2	-0.148761	1	0.851239	3.20036	3.19331	0.911187	0.831861	3.10178	-0.00734151	-31.5451	-31.5451	141	1	1	0	1
0.5	0.1	-0.151319	0.5	0.1	-0.0369848	1	0.2	-0.188304	1	0.811696	3.22918	3.1359	0.847654	0.855613	3.1608	-0.0971603	2.95383	2.95383	141	2	1	0	1
0.5	0.1	-0.012993	0.5	0.1	-0.0516193	1	0.2	-0.0646123	1	0.935388	2.56528	2.71089	1.11933	1.10738	2.63794	0.151684	-5.43943	-5.43943	142	1	1	0	1
0.5	0.1	0.0240195	0.5	0.1	-0.0716058	1	0.2	-0.0475863	0	-0.0475863	2.96502	2.95462	0.251578	0.359312	2.64939	-0.0108365	42.7233	42.7233	142	2	1	0	1
0.5	0.1	-0.0369848	0.5	0.1	-0.0369848	1	0.2	-0.0739697	0	-0.0739697	1.9378	1.72488	0.4348	0.406986	1.8517	-0.221793	-9.44913	-9.44913	143	1	1	0	1
0.5	0.1	-0.0988833	0.5	0.1	-0.012993	1	0.2	-0.111876	0	-0.111876	1.94931	1.90364	0.418327	0.273247	1.88857	-0.0475754	-55.9044	-55.9044	143	2	1	0	1
0.5	0.1	-0.111776	0.5	0.1	-0.0967635	1	0.2	-0.208539	0	-0.208539	2.93991	2.98228	0.124426	0.0512528	2.65195	0.0441312	-30.3403	-30.3403	144	1	1	0	1
0.5	0.1	-0.0349662	0.5	0.1	-0.0516193	1	0.2	-0.0865855	1	0.913414	2.35273	2.28136	1.12636	1.1527	2.3897	-0.0743379	9.94407	9.94407	144	2	1	0	1
0.5	0.1	-0.0524534	0.5	0.1	-0.0516193	1	0.2	-0.104073	1	0.895927	3.31914	3.20275	0.862557	0.855468	3.14583	-0.121238	-2.58459	-2.58459	145	1	1	0	1
0.5	0.1	-0.0349662	0.5	0.1	-0.0369848	1	0.2	-0.0719511	1	0.928049	3.28741	3.25589	0.918056	0.827373	3.06377	-0.0328365	-35.3446	-35.3446	145	2	1	0	1
0.5	0.1	-0.0518598	0.5	0.1	-0.0988833	1	0.2	-0.150743	1	0.849257	3.36431	3.32654	0.909428	0.936918	3.11105	-0.0393412	10.6605	10.6605	146	1	1	0	1
0.5	0.1	-0.0518598	0.5	0.1	0.00023105	1	0.2	-0.0516287	1	0.948371	3.3592	3.38427	1.00768	0.971844	2.99239	0.0261055	-14.6409	-14.6409	146	2	1	0	1
0.5	0.1	-0.0716058	0.5	0.1	-0.0349662	1	0.2	-0.106572	1	0.893428	2.49937	2.41346	1.15494	1.1438	2.47437	-0.0894916	-4.15779	-4.15779	147	1	1	0	1
0.5	0.1	-0.0716058	0.5	0.1	-0.0516193	1	0.2	-0.123225	0	-0.123225	2.98567	2.99042	0.239105	0.165098	2.57976	0.00494878	-29.7203	-29.7203	147	2	1	0	1
0.5	0.1	-0.015128	0.5	0.1	-0.0369848	1	0.2	-0.0521128	1	0.947887	3.31778	3.39029	0.985751	0.896631	3.04556	0.0755339	-37.9408	-37.9408	148	1	1	0	1
0.5	0.1	-0.0988833	0.5	0.1	-0.0369848	1	0.2	-0.135868	1	0.864132	3.35498	3.26044	0.883513	0.948365	3.15469	-0.0984801	24.0465	24.0465	148	2	1	0	1
0.5	0.1	-0.0518598	0.5	0.1	-0.0419858	1	0.2	-0.0938456	0	-0.0938456	3.00852	2.90448	0.291618	0.299046	2.58687	-0.108366	2.73434	2.73434	149	1	1	0	1
0.5	0.1	-0.0369848	0.5	0.1	-0.0522144	1	0.2	-0.0891993	1	0.910801	2.62363	2.60241	1.11785	1.07517	2.66049	-0.0221012	-16.7761	-16.7761	149	2	1	0	1
0.5	0.1	-0.0369848	0.5	0.1	-0.0419858	1	0.2	-0.0789707	1	0.921029	2.59149	2.63894	1.17812	1.13918	2.56951	0.0494283	-16.217	-16.217	150	1	1	0	1
0.5	0.1	-0.0694149	0.5	0.1	-0.0516193	1	0.2	-0.121034	0	-0.121034	2.99538	2.97721	0.298258	0.31348	2.59528	-0.0189339	5.99779	5.99779	150	2	1	0	1
0.5	0.1	-0.0716058	0.5	0.1	-0.012993	1	0.2	-0.0845989	1	0.915401	3.34595	3.32749	0.953447	0.922278	3.16063	-0.0192228	-12.2787	-12.2787	151	1	1	0	1
0.5	0.1	-0.0369848	0.5	0.1	-0.0419858	1	0.2	-0.0789707	1	0.921029	3.36881	3.3398	0.941473	0.915147	3.21256	-0.0302217	-10.2821	-10.2821	151	2	1	0	1
0.5	0.1	-0.0988833	0.5	0.1	-0.0518598	1	0.2	-0.150743	0	-0.150743	2.85359	2.83115	0.219087	0.229005	2.50849	-0.0233768	3.89439	3.89439	152	1	1	0	1
0.5	0.1	-0.0988833	0.5	0.1	-0.0518598	1	0.2	-0.150743	1	0.849257	2.41951	2.43591	1.07472	1.02939	2.43918	0.0170741	-18.3821	-18.3821	152	2	1	0	1
0.5	0.1	-0.0649048	0.5	0.1	-0.0419858	1	0.2	-0.106891	1	0.893109	2.49339	2.54255	1.12282	1.15813	2.48497	0.0512074	14.7272	14.7272	153	1	1	0	1
0.5	0.1	-0.0369848	0.5	0.1	-0.0395176	1	0.2	-0.0765025	0	-0.0765025	2.95484	3.01966	0.24308	0.262705	2.60683	0.0675268	8.29813	8.29813	153	2	1	0	1
0.5	0.1	-0.0836946	0.5	0.1	-0.0988833	1	0.2	-0.182578	1	0.817422	2.51645	2.52572	1.02798	1.02599	2.67158	0.00965335	-0.801386	-0.801386	154	1	1	0	1
0.5	0.1	-0.0699039	0.5	0.1	0.0240195	1	0.2	-0.0458844	0	-0.0458844	2.87789	2.85317	0.303202	0.320236	2.58878	-0.0257465	6.67598	6.67598	154	2	1	0	1
0.5	0.1	-0.0369848	0.5	0.1	-0.0369848	1	0.2	-0.0739697	0	-0.0739697	2.93225	2.83995	0.287413	0.245645	2.44813	-0.0961466	-15.5142	-15.5142	155	1	1	0	1
0.5	0.1	-0.0518598	0.5	0.1	-0.0369848	1	0.2	-0.0888446	1	0.911155	2.58815	2.52059	1.0948	1.02227	2.55002	-0.0703773	-27.4644	-27.4644	155	2	1	0	1
0.5	0.1	-0.0518598	0.5	0.1	-0.0716058	1	0.2	-0.123466	1	0.876534	2.48492	2.45915	1.08028	0.92948	2.49904	-0.0268406	-59.0504	-59.0504	156	1	1	0	1
0.5	0.1	-0.0349662	0.5	0.1	-0.0988833	1	0.2	-0.13385	0	-0.13385	2.86089	2.69634	0.25775	0.246253	2.45048	-0.171403	-4.04425	-4.04425	156	2	1	0	1
0.5	0.1	-0.0716058	0.5	0.1	-0.0518598	1	0.2	-0.123466	1	0.876534	2.42422	2.39543	1.07086	1.00258	2.51668	-0.0299861	-26.6722	-26.6722	157	1	1	0	1
0.5	0.1	-0.0694149	0.5	0.1	-0.012993	1	0.2	-0.082408	0	-0.082408	2.88493	2.80514	0.210967	0.184452	2.57749	-0.0831168	-9.94494	-9.94494	157	2	1	0	1
0.5	0.1	-0.0967635	0.5	0.1	-0.0699039	1	0.2	-0.166667	1	0.833333	3.223	3.23832	0.853105	0.87279	3.07756	0.0159576	7.97603	7.97603	158	1	1	0	1
0.5	0.1	-0.138395	0.5	0.1	-0.0419858	1	0.2	-0.180381	1	0.819619	3.16608	3.19267	0.881713	0.904295	3.00226	0.0276933	9.23724	9.23724	158	2	1	0	1
0.5	0.1	-0.0716058	0.5	0.1	-0.073444	1	0.2	-0.14505	1	0.85495	3.25364	3.29606	0.873387	0.9093	3.0995	0.0441903	14.8917	14.8917	159	1	1	0	1
0.5	0.1	-0.0369848	0.5	0.1	-0.0776376	1	0.2	-0.114622	1	0.885378	3.26869	3.29403	0.899245	0.937906	3.08227	0.026398	15.798	15.798	159	2	1	0	1
0.5	0.1	-0.0988833	0.5	0.1	-0.0349662	1	0.2	-0.13385	0	-0.13385	2.87631	2.83841	0.256883	0.18278	2.40851	-0.0394828	-28.7337	-28.7337	160	1	1	0	1
0.5	0.1	-0.0649048	0.5	0.1	-0.0419858	1	0.2	-0.106891	1	0.893109	2.53209	2.41813	1.07531	1.03324	2.51065	-0.118711	-15.3714	-15.3714	160	2	1	0	1
0.5	0.1	-0.0716058	0.5	0.1	-0.0349662	1	0.2	-0.106572	0	-0.106572	1.9993	2.01457	0.488516	0.405463	1.97428	0.0159038	-33.6497	-33.6497	161	1	1	0	1
0.5	0.1	-0.0694149	0.5	0.1	-0.0369848	1	0.2	-0.1064	0	-0.1064	2.05647	1.92892	0.454771	0.461131	2.09579	-0.132855	2.29946	2.29946	161	2	1	0	1
0.5	0.1	-0.0518598	0.5	0.1	-0.108865	1	0.2	-0.160724	0	-0.160724	2.99925	3.07151	0.240356	0.21392	2.66217	0.0752661	-11.2518	-11.2518	162	1	1	0	1
0.5	0.1	-0.106467	0.5	0.1	-0.0369848	1	0.2	-0.143452	1	0.856548	2.43412	2.43524	1.19003	1.21135	2.40029	0.00115973	8.53695	8.53695	162	2	1	0	1
0.5	0.1	-0.0369848	0.5	0.1	-0.0369848	1	0.2	-0.0739697	0	-0.0739697	1.99572	1.93165	0.493378	0.453777	1.89693	-0.0667403	-15.0375	-15.0375	163	1	1	0	1
0.5	0.1	-0.0988833	0.5	0.1	-0.0518598	1	0.2	-0.150743	0	-0.150743	2.02214	1.98497	0.443163	0.39786	1.92885	-0.0387186	-17.5766	-17.5766	163	2	1	0	1
0.5	0.1	-0.0369848	0.5	0.1	-0.0419858	1	0.2	-0.0789707	1	0.921029	3.34757	3.335	0.929485	0.901379	3.07496	-0.0130999	-11.1258	-11.1258	164	1	1	0	1
0.5	0.1	-0.0716058	0.5	0.1	-0.0875172	1	0.2	-0.159123	1	0.840877	3.26921	3.2438	0.929365	0.919098	2.99553	-0.0264657	-4.02137	-4.02137	164	2	1	0	1
0.5	0.1	-0.0518598	0.5	0.1	-0.0349662	1	0.2	-0.086826	1	0.913174	2.5312	2.43146	1.11151	1.13464	2.55017	-0.103891	8.54175	8.54175	165	1	1	0	1
0.5	0.1	-0.012993	0.5	0.1	-0.0716058	1	0.2	-0.0845989	0	-0.0845989	2.97623	2.98419	0.220427	0.162535	2.62003	0.00829094	-23.3114	-23.3114	165	2	1	0	1
0.5	0.1	-0.0419858	0.5	0.1	-0.138395	1	0.2	-0.180381	0	-0.180381	2.91173	2.84822	0.241747	0.295806	2.56157	-0.0661471	20.5367	20.5367	166	1	1	0	1
0.5	0.1	-0.0988833	0.5	0.1	-0.0649048	1	0.2	-0.163788	1	0.836212	2.43586	2.51578	1.10656	1.05175	2.53298	0.0832524	-23.4855	-23.4855	166	2	1	0	1
0.5	0.1	-0.015128	0.5	0.1	-0.0699039	1	0.2	-0.0850319	1	0.914968	3.33693	3.3689	0.958906	1.00872	3.14948	0.033306	20.4732	20.4732	167	1	1	0	1
0.5	0.1	-0.0516193	0.5	0.1	-0.111776	1	0.2	-0.163395	1	0.836605	3.28625	3.35134	0.925522	0.955039	3.08648	0.0677953	12.4841	12.4841	167	2	1	0	1
0.5	0.1	-0.0518598	0.5	0.1	-0.0369848	1	0.2	-0.0888446	1	0.911155	3.32833	3.32007	0.989598	0.995432	3.00994	-0.00860973	2.31741	2.31741	168	1	1	0	1
0.5	0.1	-0.0369848	0.5	0.1	-0.0988833	1	0.2	-0.135868	1	0.864132	3.35248	3.36551	0.917287	0.910719	3.06662	0.0135668	-2.65582	-2.65582	168	2	1	0	1
0.5	0.1	-0.0369848	0.5	0.1	-0.0369848	1	0.2	-0.0739697	0	-0.0739697	2.05932	2.06602	0.494436	0.458631	1.97587	0.00698502	-14.4023	-14.4023	169	1	1	0	1
0.5	0.1	-0.0518598	0.5	0.1	-0.0699039	1	0.2	-0.121764	0	-0.121764	2.0667	2.00303	0.472143	0.484408	1.97761	-0.066317	4.65903	4.65903	169	2	1	0	1
0.5	0.1	-0.0716058	0.5	0.1	-0.0867921	1	0.2	-0.158398	1	0.841602	3.24574	3.21625	0.872829	0.857027	3.05266	-0.0307209	-6.16926	-6.16926	170	1	1	0	1
0.5	0.1	-0.0716058	0.5	0.1	-0.0649048	1	0.2	-0.136511	1	0.863489	3.21892	3.21236	0.913747	0.879566	2.97791	-0.00683566	-13.598	-13.598	170	2	1	0	1
0.5	0.1	-0.0516193	0.5	0.1	0.0240195	1	0.2	-0.0275998	0	-0.0275998	2.94378	3.01214	0.342361	0.279605	2.58429	0.071206	-26.6187	-26.6187	171	1	1	0	1
0.5	0.1	-0.015128	0.5	0.1	-0.0988833	1	0.2	-0.114011	1	0.885989	2.62851	2.5557	1.10986	1.14245	2.72618	-0.0758398	12.2882	12.2882	171	2	1	0	1
0.5	0.1	-0.133881	0.5	0.1	-0.0716058	1	0.2	-0.205487	1	0.794513	3.22679	3.26997	0.8429	0.914092	3.12121	0.0449752	29.5396	29.5396	172	1	1	0	1
0.5	0.1	-0.0518598	0.5	0.1	-0.0349662	1	0.2	-0.086826	1	0.913174	3.24153	3.32604	0.924005	0.965139	3.12438	0.0880288	17.6999	17.6999	172	2	1	0	1
0.5	0.1	-0.0716058	0.5	0.1	-0.0440042	1	0.2	-0.11561	1	0.88439	2.53664	2.56788	1.08353	1.06455	2.64236	0.0325386	-7.79675	-7.79675	173	1	1	0	1
0.5	0.1	0.0240195	0.5	0.1	-0.0967635	1	0.2	-0.072744	0	-0.072744	2.88865	2.89701	0.276939	0.295437	2.55626	0.008707	7.45112	7.45112	173	2	1	0	1
0.5	0.1	-0.0699039	0.5	0.1	-0.0988833	1	0.2	-0.168787	0	-0.168787	1.96434	1.79045	0.45693	0.397353	1.94911	-0.18114	-20.8144	-20.8144	174	1	1	0	1
0.5	0.1	-0.0716058	0.5	0.1	-0.0649048	1	0.2	-0.136511	0	-0.136511	1.96384	1.89409	0.467906	0.336956	1.89184	-0.0726566	-49.5026	-49.5026	174	2	1	0	1
0.5	0.1	-0.0518598	0.5	0.1	-0.0988833	1	0.2	-0.150743	1	0.849257	2.31833	2.3517	1.04538	1.01891	2.42143	0.0347587	-10.892	-10.892	175	1	1	0	1
0.5	0.1	-0.0849301	0.5	0.1	-0.0699039	1	0.2	-0.154834	0	-0.154834	2.84416	2.81367	0.139014	0.169957	2.56946	-0.0317615	12.0707	12.0707	175	2	1	0	1
0.5	0.1	-0.138395	0.5	0.1	-0.0518598	1	0.2	-0.190255	0	-0.190255	2.93906	3.06848	0.226595	0.243021	2.5426	0.134809	7.36482	7.36482	176	1	1	0	1
0.5	0.1	-0.0649048	0.5	0.1	-0.0516193	1	0.2	-0.116524	1	0.883476	2.48364	2.50477	1.11978	1.21711	2.45682	0.0220076	39.6285	39.6285	176	2	1	0	1
0.5	0.1	-0.111776	0.5	0.1	-0.0699039	1	0.2	-0.18168	0	-0.18168	2.91025	2.93467	0.214321	0.216306	2.5994	0.0254408	0.810509	0.810509	177	1	1	0	1
0.5	0.1	-0.0518598	0.5	0.1	-0.0966532	1	0.2	-0.148513	1	0.851487	2.43591	2.43199	1.1202	1.11062	2.49492	-0.00408929	-3.82065	-3.82065	177	2	1	0	1
0.5	0.1	-0.0369848	0.5	0.1	-0.0518598	1	0.2	-0.0888446	0	-0.0888446	2.03641	1.99817	0.446235	0.437744	1.98691	-0.0398259	-3.29158	-3.29158	178	1	1	0	1
0.5	0.1	-0.0395176	0.5	0.1	-0.0419858	1	0.2	-0.0815034	0	-0.0815034	2.02803	1.9904	0.463975	0.444961	1.96474	-0.0392029	-7.37422	-7.37422	178	2	1	0	1
0.5	0.1	-0.0699039	0.5	0.1	-0.0369848	1	0.2	-0.106889	0	-0.106889	1.9952	1.93513	0.470889	0.437594	1.87962	-0.062578	-12.6833	-12.6833	179	1	1	0	1
0.5	0.1	-0.0988833	0.5	0.1	-0.0369848	1	0.2	-0.135868	0	-0.135868	2.02035	1.96582	0.445874	0.40978	1.91768	-0.0568018	-13.8099	-13.8099	179	2	1	0	1
0.5	0.1	-0.0369848	0.5	0.1	-0.128041	1	0.2	-0.165026	0	-0.165026	1.91757	1.93592	0.466063	0.41911	1.95669	0.0191192	-19.0728	-19.0728	180	1	1	0	1
0.5	0.1	-0.138395	0.5	0.1	-0.0967635	1	0.2	-0.235158	0	-0.235158	1.95567	1.89473	0.42584	0.426225	1.93375	-0.063472	0.146556	0.146556	180	2	1	0	1
0.5	0.1	-0.0988833	0.5	0.1	-0.0419858	1	0.2	-0.140869	0	-0.140869	2.98156	2.90577	0.227765	0.174076	2.57057	-0.0789442	-20.1998	-20.1998	181	1	1	0	1
0.5	0.1	-0.0516193	0.5	0.1	-0.0349662	1	0.2	-0.0865855	1	0.913414	2.4918	2.43894	1.15574	1.08331	2.38842	-0.0550687	-27.7467	-27.7467	181	2	1	0	1
0.5	0.1	-0.111776	0.5	0.1	-0.0369848	1	0.2	-0.148761	0	-0.148761	2.93093	2.84619	0.261461	0.337479	2.56128	-0.0882682	28.4019	28.4019	182	1	1	0	1
0.5	0.1	-0.0776376	0.5	0.1	-0.0518598	1	0.2	-0.129497	1	0.870503	2.52568	2.60618	1.11239	1.04781	2.53921	0.0838551	-27.689	-27.689	182	2	1	0	1
0.5	0.1	-0.0369848	0.5	0.1	-0.0522144	1	0.2	-0.0891993	0	-0.0891993	1.99509	1.97831	0.433066	0.46286	1.92865	-0.0174756	11.7532	11.7532	183	1	1	0	1
0.5	0.1	-0.0395176	0.5	0.1	-0.0699039	1	0.2	-0.109422	0	-0.109422	1.979	2.01694	0.427226	0.432032	1.8578	0.0395297	1.98523	1.98523	183	2	1	0	1
0.5	0.1	-0.0716058	0.5	0.1	-0.0875172	1	0.2	-0.159123	1	0.840877	2.49017	2.52542	1.11407	1.11456	2.5394	0.0367208	0.20376	0.20376	184	1	1	0	1
0.5	0.1	-0.0988833	0.5	0.1	-0.0419858	1	0.2	-0.140869	0	-0.140869	2.90562	2.94218	0.278423	0.296151	2.58817	0.038079	7.31393	7.31393	184	2	1	0	1
0.5	0.1	-0.0518598	0.5	0.1	-0.0518598	1	0.2	-0.10372	1	0.89628	2.65564	2.59758	1.12052	1.13961	2.58623	-0.0604784	7.28503	7.28503	185	1	1	0	1
0.5	0.1	-0.0369848	0.5	0.1	-0.015128	1	0.2	-0.0521128	0	-0.0521128	2.98402	3.00023	0.329856	0.303155	2.56833	0.0168904	-10.8267	-10.8267	185	2	1	0	1
0.5	0.1	-0.0516193	0.5	0.1	-0.111776	1	0.2	-0.163395	1	0.836605	2.45454	2.49699	1.10319	1.19952	2.5469	0.0442115	39.9439	39.9439	186	1	1	0	1
0.5	0.1	-0.0516193	0.5	0.1	-0.0988833	1	0.2	-0.150503	0	-0.150503	2.88353	3.05037	0.263265	0.280485	2.64667	0.173793	7.99996	7.99996	186	2	1	0	1
0.5	0.1	-0.0897825	0.5	0.1	-0.0349662	1	0.2	-0.124749	1	0.875251	2.48982	2.49437	1.16001	1.18381	2.47867	0.00474406	9.5554	9.5554	187	1	1	0	1
0.5	0.1	-0.111776	0.5	0.1	-0.0369848	1	0.2	-0.148761	0	-0.148761	2.97376	3.03615	0.255843	0.241507	2.57526	0.0649936	-6.04872	-6.04872	187	2	1	0	1
0.5	0.1	-0.0649048	0.5	0.1	-0.0716058	1	0.2	-0.136511	0	-0.136511	1.93265	1.94012	0.434358	0.429748	1.97047	0.00778137	-1.85569	-1.85569	188	1	1	0	1
0.5	0.1	-0.0516193	0.5	0.1	-0.0988833	1	0.2	-0.150503	0	-0.150503	1.95834	1.94757	0.408855	0.421208	1.97121	-0.0112153	4.89706	4.89706	188	2	1	0	1
0.5	0.1	-0.012993	0.5	0.1	-0.0967635	1	0.2	-0.109757	0	-0.109757	2.87706	2.92368	0.242505	0.172024	2.4995	0.0485649	-29.3321	-29.3321	189	1	1	0	1
0.5	0.1	-0.0516193	0.5	0.1	-0.0516193	1	0.2	-0.103239	1	0.896761	2.51823	2.41974	1.06699	1.09256	2.56633	-0.102599	9.45423	9.45423	189	2	1	0	1
0.5	0.1	-0.0699039	0.5	0.1	-0.0988833	1	0.2	-0.168787	0	-0.168787	2.94796	3.01146	0.191836	0.185507	2.6319	0.0661468	-2.67292	-2.67292	190	1	1	0	1
0.5	0.1	-0.0369848	0.5	0.1	-0.0716058	1	0.2	-0.108591	1	0.891409	2.45049	2.43994	1.12939	1.16533	2.42967	-0.0109895	14.2501	14.2501	190	2	1	0	1
0.5	0.1	-0.073444	0.5	0.1	-0.101402	1	0.2	-0.174846	1	0.825154	2.44885	2.55159	1.07013	1.08359	2.47286	0.107014	5.88736	5.88736	191	1	1	0	1
0.5	0.1	-0.0298922	0.5	0.1	-0.0699039	1	0.2	-0.0997961	0	-0.0997961	2.88747	2.91019	0.2513	0.330395	2.5095	0.0236656	32.2482	32.2482	191	2	1	0	1
0.5	0.1	-0.0516193	0.5	0.1	-0.14502	1	0.2	-0.196639	0	-0.196639	2.94621	2.94729	0.178973	0.217764	2.60377	0.0011193	15.5304	15.5304	192	1	1	0	1
0.5	0.1	-0.025222	0.5	0.1	-0.101402	1	0.2	-0.126624	1	0.873376	2.42187	2.45932	1.10303	1.1226	2.4621	0.0390087	8.08185	8.08185	192	2	1	0	1
0.5	0.1	-0.0369848	0.5	0.1	-0.0716058	1	0.2	-0.108591	1	0.891409	2.47134	2.38629	1.07576	1.13237	2.59439	-0.0885907	21.1456	21.1456	193	1	1	0	1
0.5	0.1	-0.0967635	0.5	0.1	-0.0518598	1	0.2	-0.148623	0	-0.148623	2.91859	2.96993	0.189541	0.147623	2.61658	0.0534822	-17.5167	-17.5167	193	2	1	0	1
0.5	0.1	-0.0988833	0.5	0.1	-0.0699039	1	0.2	-0.168787	1	0.831213	3.2981	3.26414	0.939078	1.03073	3.08526	-0.0353768	35.6498	35.6498	194	1	1	0	1
0.5	0.1	-0.0967635	0.5	0.1	-0.0776376	1	0.2	-0.174401	1	0.825599	3.26125	3.36489	0.960022	0.938812	3.04185	0.107963	-9.28574	-9.28574	194	2	1	0	1
0.5	0.1	-0.0988833	0.5	0.1	-0.012993	1	0.2	-0.111876	0	-0.111876	2.77371	2.71041	0.229568	0.284431	2.43964	-0.0659313	20.8458	20.8458	195	1	1	0	1
0.5	0.1	-0.106467	0.5	0.1	-0.0988833	1	0.2	-0.205351	1	0.794649	2.41371	2.43799	0.99492	0.935005	2.52007	0.0252981	-24.4607	-24.4607	195	2	1	0	1
0.5	0.1	-0.0518598	0.5	0.1	-0.0867921	1	0.2	-0.138652	0	-0.138652	2.04016	2.11621	0.514079	0.534244	1.96192	0.0792173	8.61175	8.61175	196	1	1	0	1
0.5	0.1	-0.0988833	0.5	0.1	-0.0967635	1	0.2	-0.195647	0	-0.195647	2.03646	2.06717	0.489021	0.544958	1.85529	0.0319834	22.9622	22.9622	196	2	1	0	1
0.5	0.1	-0.0516193	0.5	0.1	-0.0988833	1	0.2	-0.150503	1	0.849497	2.50974	2.46427	1.12281	1.08326	2.59744	-0.0473611	-15.2416	-15.2416	197	1	1	0	1
0.5	0.1	-0.0699039	0.5	0.1	-0.0967635	1	0.2	-0.166667	0	-0.166667	2.93565	2.89969	0.273645	0.243935	2.61967	-0.0374621	-11.538	-11.538	197	2	1	0	1
0.5	0.1	-0.0369848	0.5	0.1	-0.151319	1	0.2	-0.188304	1	0.811696	3.28508	3.24352	0.854824	0.87589	3.07095	-0.0432883	8.14452	8.14452	198	1	1	0	1
0.5	0.1	-0.073444	0.5	0.1	-0.0716058	1	0.2	-0.14505	1	0.85495	3.20168	3.22902	0.958653	0.92597	2.96423	0.0284875	-13.3781	-13.3781	198	2	1	0	1
0.5	0.1	-0.111776	0.5	0.1	-0.0369848	1	0.2	-0.148761	0	-0.148761	1.89735	1.9051	0.454607	0.413836	1.93709	0.00807007	-16.4143	-16.4143	199	1	1	0	1
0.5	0.1	-0.0518598	0.5	0.1	-0.0988833	1	0.2	-0.150743	0	-0.150743	1.96459	1.9219	0.408093	0.402534	1.97415	-0.044477	-2.14731	-2.14731	199	2	1	0	1
0.5	0.1	-0.128041	0.5	0.1	-0.092327	1	0.2	-0.220368	1	0.779632	2.46138	2.48297	1.0678	1.08709	2.60838	0.0224932	7.85617	7.85617	200	1	1	0	1
0.5	0.1	-0.0988833	0.5	0.1	-0.0369848	1	0.2	-0.135868	0	-0.135868	2.87369	2.90522	0.289076	0.315537	2.52782	0.0328414	10.8699	10.8699	200	2	1	0	1
0.5	0.1	-0.0349662	0.5	0.1	-0.0988833	1	0.2	-0.13385	0	-0.13385	2.96118	2.99902	0.228537	0.213442	2.5223	0.0394155	-6.23454	-6.23454	201	1	1	0	1
0.5	0.1	-0.0369848	0.5	0.1	-0.0369848	1	0.2	-0.0739697	1	0.92603	2.53379	2.51594	1.12058	1.15126	2.51681	-0.0185952	12.093	12.093	201	2	1	0	1
0.5	0.1	-0.0369848	0.5	0.1	-0.0988833	1	0.2	-0.135868	0	-0.135868	2.93678	2.88322	0.260947	0.237295	2.53411	-0.0557995	-9.05662	-9.05662	202	1	1	0	1
0.5	0.1	-0.0369848	0.5	0.1	-0.0988833	1	0.2	-0.135868	1	0.864132	2.50702	2.46882	1.10321	1.06523	2.53319	-0.0397928	-14.7251	-14.7251	202	2	1	0	1
0.5	0.1	-0.0395176	0.5	0.1	-0.0369848	1	0.2	-0.0765025	1	0.923498	3.35253	3.2961	0.942179	0.948909	2.985	-0.0587814	2.5711	2.5711	203	1	1	0	1
0.5	0.1	-0.0649048	0.5	0.1	-0.0516193	1	0.2	-0.116524	1	0.883476	3.30466	3.33163	0.956215	0.877528	2.92988	0.0280888	-32.1983	-32.1983	203	2	1	0	1
0.5	0.1	-0.0699039	0.5	0.1	-0.0716058	1	0.2	-0.14151	0	-0.14151	2.91035	2.92547	0.238934	0.147311	2.54471	0.0157536	-37.1169	-37.1169	204	1	1	0	1
0.5	0.1	-0.111776	0.5	0.1	-0.012993	1	0.2	-0.124769	1	0.875231	2.50611	2.3633	1.07484	1.09913	2.52282	-0.148759	8.6822	8.6822	204	2	1	0	1
0.5	0.1	-0.0699039	0.5	0.1	-0.0369848	1	0.2	-0.106889	0	-0.106889	2.88733	2.95492	0.203029	0.157667	2.59934	0.0703984	-19.2276	-19.2276	205	1	1	0	1
0.5	0.1	-0.0694149	0.5	0.1	-0.0649048	1	0.2	-0.13432	1	0.86568	2.47492	2.36916	1.05355	1.11606	2.51462	-0.110176	22.9815	22.9815	205	2	1	0	1
0.5	0.1	-0.0395176	0.5	0.1	-0.0967635	1	0.2	-0.136281	1	0.863719	3.33347	3.35665	0.933681	0.946841	3.11049	0.0241432	5.36763	5.36763	206	1	1	0	1
0.5	0.1	-0.0369848	0.5	0.1	-0.015128	1	0.2	-0.0521128	1	0.947887	3.37246	3.39422	0.973483	0.988152	3.13034	0.0226614	5.97573	5.97573	206	2	1	0	1
0.5	0.1	-0.0369848	0.5	0.1	-0.0518598	1	0.2	-0.0888446	1	0.911155	2.46704	2.44278	1.10288	1.11105	2.55466	-0.0252619	3.20333	3.20333	207	1	1	0	1
0.5	0.1	-0.0369848	0.5	0.1	-0.101402	1	0.2	-0.138387	0	-0.138387	2.90636	2.9441	0.207306	0.175067	2.53592	0.0393144	-13.3142	-13.3142	207	2	1	0	1
0.5	0.1	-0.111776	0.5	0.1	-0.0349662	1	0.2	-0.146742	1	0.853258	3.24407	3.30119	0.906368	0.855515	3.09336	0.059503	-21.3579	-21.3579	208	1	1	0	1
0.5	0.1	-0.114448	0.5	0.1	-0.0716058	1	0.2	-0.186053	1	0.813947	3.21501	3.16817	0.891237	0.946929	3.09458	-0.0487884	21.4399	21.4399	208	2	1	0	1
0.5	0.1	-0.0988833	0.5	0.1	-0.0967635	1	0.2	-0.195647	1	0.804353	3.28739	3.35685	0.890433	0.832407	3.10796	0.0723482	-24.6362	-24.6362	209	1	1	0	1
0.5	0.1	-0.0369848	0.5	0.1	-0.0516193	1	0.2	-0.0886042	1	0.911396	3.29629	3.23552	0.976169	1.03795	3.08409	-0.0633034	23.5222	23.5222	209	2	1	0	1
0.5	0.1	-0.0516193	0.5	0.1	-0.0369848	1	0.2	-0.0886042	0	-0.0886042	2.89352	2.77476	0.288413	0.31769	2.54422	-0.12371	10.656	10.656	210	1	1	0	1
0.5	0.1	-0.0988833	0.5	0.1	-0.0516193	1	0.2	-0.150503	1	0.849497	2.5217	2.54614	1.08696	0.977547	2.56583	0.0254646	-44.6759	-44.6759	210	2	1	0	1
0.5	0.1	-0.0516193	0.5	0.1	-0.0988833	1	0.2	-0.150503	0	-0.150503	2.01614	1.96018	0.439649	0.399996	1.8967	-0.0582906	-15.1545	-15.1545	211	1	1	0	1
0.5	0.1	-0.015128	0.5	0.1	-0.0776376	1	0.2	-0.0927656	0	-0.0927656	1.95959	1.92588	0.493289	0.437961	1.80514	-0.0351209	-21.5264	-21.5264	211	2	1	0	1
0.5	0.1	-0.0967635	0.5	0.1	-0.012993	1	0.2	-0.109757	1	0.890243	2.43358	2.34044	1.08936	1.07781	2.41994	-0.0970196	-4.28709	-4.28709	212	1	1	0	1
0.5	0.1	-0.069979	0.5	0.1	-0.073444	1	0.2	-0.143423	0	-0.143423	2.89927	2.89278	0.181592	0.121886	2.45317	-0.00676159	-23.7538	-23.7538	212	2	1	0	1
0.5	0.1	-0.138395	0.5	0.1	0.00023105	1	0.2	-0.138164	0	-0.138164	2.88315	2.88096	0.202497	0.245625	2.46135	-0.00227871	17.2201	17.2201	213	1	1	0	1
0.5	0.1	-0.0988833	0.5	0.1	-0.0516193	1	0.2	-0.150503	1	0.849497	2.39982	2.46431	1.07951	1.06416	2.30992	0.0671794	-6.48586	-6.48586	213	2	1	0	1
0.5	0.1	-0.151319	0.5	0.1	-0.0349662	1	0.2	-0.186286	0	-0.186286	1.97786	2.07712	0.351209	0.335581	1.98521	0.103394	-6.81493	-6.81493	214	1	1	0	1
0.5	0.1	-0.0518598	0.5	0.1	-0.0369848	1	0.2	-0.0888446	0	-0.0888446	1.83714	1.82668	0.458832	0.522143	1.83294	-0.0109051	25.1052	25.1052	214	2	1	0	1
0.5	0.1	-0.0369848	0.5	0.1	-0.0395176	1	0.2	-0.0765025	0	-0.0765025	2.87243	2.83678	0.271648	0.224744	2.55127	-0.0371293	-18.2204	-18.2204	215	1	1	0	1
0.5	0.1	-0.0518598	0.5	0.1	-0.073444	1	0.2	-0.125304	1	0.874696	2.52987	2.45444	1.05719	1.02133	2.65426	-0.0785783	-13.497	-13.497	215	2	1	0	1
0.5	0.1	-0.0516193	0.5	0.1	-0.0716058	1	0.2	-0.123225	1	0.876775	3.22664	3.17316	0.899241	0.948189	3.04609	-0.0557118	18.7437	18.7437	216	1	1	0	1
0.5	0.1	-0.0649048	0.5	0.1	-0.111776	1	0.2	-0.176681	1	0.823319	3.21651	3.27192	0.859386	0.806397	3.04458	0.0577186	-22.2216	-22.2216	216	2	1	0	1
0.5	0.1	-0.0988833	0.5	0.1	-0.0699039	1	0.2	-0.168787	1	0.831213	2.48268	2.41881	1.07452	1.14289	2.56372	-0.0665344	25.9642	25.9642	217	1	1	0	1
0.5	0.1	-0.0369848	0.5	0.1	-0.0836946	1	0.2	-0.120679	0	-0.120679	2.88394	2.9906	0.2793	0.222581	2.51932	0.111101	-24.9009	-24.9009	217	2	1	0	1
0.5	0.1	-0.0516193	0.5	0.1	-0.0369848	1	0.2	-0.0886042	0	-0.0886042	2.05435	2.03306	0.534491	0.553018	1.93969	-0.0221755	7.28174	7.28174	218	1	1	0	1
0.5	0.1	-0.0518598	0.5	0.1	-0.0988833	1	0.2	-0.150743	0	-0.150743	2.06807	2.13277	0.50613	0.472421	1.92185	0.0673927	-14.252	-14.252	218	2	1	0	1
0.5	0.1	-0.0518598	0.5	0.1	-0.0518598	1	0.2	-0.10372	1	0.89628	2.63705	2.69444	1.13644	1.09797	2.59188	0.0597879	-16.1615	-16.1615	219	1	1	0	1
0.5	0.1	-0.0349662	0.5	0.1	-0.0518598	1	0.2	-0.086826	0	-0.086826	2.96386	2.92444	0.333169	0.380993	2.60611	-0.0410584	18.5213	18.5213	219	2	1	0	1
0.5	0.1	0.00023105	0.5	0.1	-0.0369848	1	0.2	-0.0367538	1	0.963246	2.50287	2.40398	1.16127	1.14691	2.48572	-0.10301	-5.30853	-5.30853	220	1	1	0	1
0.5	0.1	-0.0516193	0.5	0.1	-0.0988833	1	0.2	-0.150503	0	-0.150503	3	2.98495	0.16649	0.0990624	2.72718	-0.0156734	-26.637	-26.637	220	2	1	0	1
0.5	0.1	-0.128041	0.5	0.1	-0.025222	1	0.2	-0.153263	0	-0.153263	2.06788	2.10289	0.43463	0.468786	1.93521	0.0364697	14.073	14.073	221	1	1	0	1
0.5	0.1	-0.0649048	0.5	0.1	-0.015128	1	0.2	-0.0800328	0	-0.0800328	1.98097	2.03492	0.512878	0.533485	1.87831	0.0561987	8.6308	8.6308	221	2	1	0	1
0.5	0.1	-0.0988833	0.5	0.1	-0.0875172	1	0.2	-0.186401	1	0.813599	2.39679	2.45965	1.05637	1.02273	2.538	0.065489	-14.199	-14.199	222	1	1	0	1
0.5	0.1	-0.0967635	0.5	0.1	-0.0369848	1	0.2	-0.133748	0	-0.133748	2.84169	2.82489	0.227145	0.274146	2.60864	-0.0174959	18.541	18.541	222	2	1	0	1
0.5	0.1	-0.0716058	0.5	0.1	0.0216748	1	0.2	-0.049931	0	-0.049931	2.91501	2.74505	0.330709	0.310064	2.56609	-0.177047	-7.23353	-7.23353	223	1	1	0	1
0.5	0.1	-0.0369848	0.5	0.1	-0.151319	1	0.2	-0.188304	1	0.811696	2.54733	2.49228	1.06972	0.946701	2.59697	-0.0573477	-47.0507	-47.0507	223	2	1	0	1
0.5	0.1	-0.015128	0.5	0.1	-0.0988833	1	0.2	-0.114011	0	-0.114011	2.97305	2.98889	0.201583	0.0937611	2.72936	0.0165082	-43.7058	-43.7058	224	1	1	0	1
0.5	0.1	-0.0369848	0.5	0.1	-0.0518598	1	0.2	-0.0888446	1	0.911155	2.475	2.33705	1.13911	1.14779	2.45545	-0.143697	3.11408	3.11408	224	2	1	0	1
0.5	0.1	-0.0967635	0.5	0.1	-0.0967635	1	0.2	-0.193527	0	-0.193527	3.04049	3.09245	0.217711	0.159906	2.68457	0.0541237	-24.1683	-24.1683	225	1	1	0	1
0.5	0.1	0.0240195	0.5	0.1	-0.0516193	1	0.2	-0.0275998	1	0.9724	2.58332	2.50643	1.19647	1.22942	2.55042	-0.0800965	12.3839	12.3839	225	2	1	0	1
0.5	0.1	-0.0776376	0.5	0.1	-0.015128	1	0.2	-0.0927656	1	0.907234	2.48013	2.5044	1.10758	1.08283	2.59554	0.0252892	-10.1051	-10.1051	226	1	1	0	1
0.5	0.1	-0.0836946	0.5	0.1	-0.0349662	1	0.2	-0.118661	0	-0.118661	2.92775	2.91105	0.199925	0.227272	2.67796	-0.0173966	10.7887	10.7887	226	2	1	0	1
0.5	0.1	-0.0716058	0.5	0.1	-0.0967635	1	0.2	-0.168369	1	0.831631	3.22096	3.14272	0.866083	0.862349	2.98823	-0.0814927	-1.40218	-1.40218	227	1	1	0	1
0.5	0.1	-0.0369848	0.5	0.1	-0.0967635	1	0.2	-0.133748	1	0.866252	3.22029	3.21171	0.896712	0.822258	2.95061	-0.00894261	-29.57	-29.57	227	2	1	0	1
0.5	0.1	-0.0716058	0.5	0.1	-0.0836946	1	0.2	-0.1553	1	0.8447	2.4631	2.39314	1.11982	1.21203	2.50323	-0.0728795	34.8525	34.8525	228	1	1	0	1
0.5	0.1	-0.0369848	0.5	0.1	-0.0988833	1	0.2	-0.135868	0	-0.135868	2.96992	3.0787	0.22136	0.192493	2.64992	0.113313	-12.698	-12.698	228	2	1	0	1
0.5	0.1	-0.0369848	0.5	0.1	-0.0395176	1	0.2	-0.0765025	0	-0.0765025	2.86022	2.96678	0.23993	0.226772	2.58186	0.110999	-5.77584	-5.77584	229	1	1	0	1
0.5	0.1	-0.0988833	0.5	0.1	-0.0518598	1	0.2	-0.150743	1	0.849257	2.43426	2.44391	1.0485	1.11737	2.49546	0.0100533	27.7716	27.7716	229	2	1	0	1
0.5	0.1	-0.0419858	0.5	0.1	-0.101402	1	0.2	-0.143388	0	-0.143388	2.09789	2.00666	0.400016	0.435036	1.97328	-0.0950243	13.0184	13.0184	230	1	1	0	1
0.5	0.1	-0.0395176	0.5	0.1	-0.0516193	1	0.2	-0.0911369	0	-0.0911369	1.9503	1.98206	0.50297	0.465741	1.84156	0.0330793	-15.2962	-15.2962	230	2	1	0	1
0.5	0.1	-0.0516193	0.5	0.1	-0.073444	1	0.2	-0.125063	1	0.874937	3.28488	3.27051	0.878096	0.896372	3.03728	-0.0149762	7.22374	7.22374	231	1	1	0	1
0.5	0.1	-0.0395176	0.5	0.1	-0.012993	1	0.2	-0.0525107	1	0.947489	3.32159	3.33352	0.924044	0.8985	3.04383	0.0124265	-10.3202	-10.3202	231	2	1	0	1
0.5	0.1	-0.0988833	0.5	0.1	-0.133881	1	0.2	-0.232764	0	-0.232764	2.90868	2.97201	0.239993	0.206916	2.55387	0.065966	-13.9679	-13.9679	232	1	1	0	1
0.5	0.1	-0.0518598	0.5	0.1	-0.111776	1	0.2	-0.163636	1	0.836364	2.4504	2.40406	1.10772	1.14619	2.53925	-0.0482727	14.816	14.816	232	2	1	0	1
0.5	0.1	-0.0419858	0.5	0.1	-0.0369848	1	0.2	-0.0789707	0	-0.0789707	3.07011	2.9894	0.291165	0.343181	2.69469	-0.0840697	19.4952	19.4952	233	1	1	0	1
0.5	0.1	-0.0369848	0.5	0.1	-0.012993	1	0.2	-0.0499779	1	0.950022	2.64258	2.70975	1.20681	1.14172	2.54737	0.0699623	-27.5791	-27.5791	233	2	1	0	1
0.5	0.1	-0.0716058	0.5	0.1	-0.0419858	1	0.2	-0.113592	1	0.886408	2.62727	2.66763	1.08681	1.08981	2.62362	0.0420418	1.24138	1.24138	234	1	1	0	1
0.5	0.1	0.0216748	0.5	0.1	-0.0716058	1	0.2	-0.049931	0	-0.049931	2.93596	2.93012	0.316601	0.368743	2.58322	-0.00608253	20.7559	20.7559	234	2	1	0	1
0.5	0.1	-0.0233506	0.5	0.1	-0.0369848	1	0.2	-0.0603354	0	-0.0603354	2.90921	3.04885	0.318411	0.286271	2.50798	0.145457	-14.5487	-14.5487	235	1	1	0	1
0.5	0.1	-0.0716058	0.5	0.1	-0.101402	1	0.2	-0.173008	1	0.826992	2.57223	2.49482	1.06165	1.17867	2.57724	-0.0806388	43.9717	43.9717	235	2	1	0	1
0.5	0.1	-0.0419858	0.5	0.1	-0.100105	1	0.2	-0.142091	0	-0.142091	1.90022	1.8056	0.409269	0.510519	1.94177	-0.0985587	37.54	37.54	236	1	1	0	1
0.5	0.1	-0.14502	0.5	0.1	-0.0419858	1	0.2	-0.187006	0	-0.187006	1.95676	2.05877	0.393331	0.339228	1.93341	0.106263	-23.6521	-23.6521	236	2	1	0	1
0.5	0.1	-0.0967635	0.5	0.1	-0.0699039	1	0.2	-0.166667	1	0.833333	3.23034	3.28503	0.894304	0.886029	3.00647	0.0569699	-3.46802	-3.46802	237	1	1	0	1
0.5	0.1	-0.0988833	0.5	0.1	-0.0875172	1	0.2	-0.186401	1	0.813599	3.19015	3.20117	0.907836	0.946236	2.9995	0.011475	15.502	15.502	237	2	1	0	1
0.5	0.1	-0.0967635	0.5	0.1	-0.0349662	1	0.2	-0.13173	1	0.86827	3.24349	3.25847	0.937196	0.952429	3.12746	0.0156075	6.17001	6.17001	238	1	1	0	1
0.5	0.1	-0.0875172	0.5	0.1	-0.0988833	1	0.2	-0.186401	1	0.813599	3.23902	3.27428	0.897426	0.891178	3.12759	0.0367229	-2.57492	-2.57492	238	2	1	0	1
0.5	0.1	0.00023105	0.5	0.1	-0.0518598	1	0.2	-0.0516287	0	-0.0516287	1.96909	1.95231	0.497414	0.436447	1.86281	-0.0174868	-24.0503	-24.0503	239	1	1	0	1
0.5	0.1	-0.0518598	0.5	0.1	-0.0649048	1	0.2	-0.116765	0	-0.116765	2.03384	1.97161	0.429784	0.405408	1.96263	-0.0648259	-9.26951	-9.26951	239	2	1	0	1
0.5	0.1	-0.14502	0.5	0.1	-0.0302403	1	0.2	-0.17526	0	-0.17526	1.92835	1.96888	0.410029	0.411901	1.81039	0.0422186	0.775091	0.775091	240	1	1	0	1
0.5	0.1	-0.151319	0.5	0.1	-0.0716058	1	0.2	-0.222925	0	-0.222925	1.84916	1.88654	0.442426	0.449822	1.64772	0.0389328	3.05353	3.05353	240	2	1	0	1
0.5	0.1	-0.0518598	0.5	0.1	-0.0699039	1	0.2	-0.121764	0	-0.121764	2.92807	2.87176	0.258633	0.236861	2.63649	-0.0586613	-8.31833	-8.31833	241	1	1	0	1
0.5	0.1	-0.0369848	0.5	0.1	-0.0716058	1	0.2	-0.108591	1	0.891409	2.49133	2.49528	1.12752	1.05427	2.51395	0.00411418	-29.3955	-29.3955	241	2	1	0	1
0.5	0.1	-0.106467	0.5	0.1	-0.0369848	1	0.2	-0.143452	1	0.856548	3.31277	3.35211	0.904616	0.943547	3.07145	0.0409845	16.0999	16.0999	242	1	1	0	1
0.5	0.1	-0.0369848	0.5	0.1	-0.0518598	1	0.2	-0.0888446	1	0.911155	3.29006	3.35443	0.974963	0.990156	3.05196	0.06705	6.42164	6.42164	242	2	1	0	1
0.5	0.1	-0.0649048	0.5	0.1	-0.0776376	1	0.2	-0.142542	0	-0.142542	2.86205	2.93607	0.191458	0.243391	2.47498	0.0771049	22.1387	22.1387	243	1	1	0	1
0.5	0.1	-0.0988833	0.5	0.1	-0.0395176	1	0.2	-0.138401	1	0.861599	2.37345	2.47889	1.06719	1.10616	2.40744	0.109834	17.0891	17.0891	243	2	1	0	1
0.5	0.1	-0.0369848	0.5	0.1	-0.0349662	1	0.2	-0.0719511	1	0.928049	3.31504	3.34801	0.952427	0.939104	3.13001	0.0343436	-5.47985	-5.47985	244	1	1	0	1
0.5	0.1	-0.0836946	0.5	0.1	-0.0649048	1	0.2	-0.148599	1	0.851401	3.28054	3.29423	0.902602	0.92224	3.13	0.0142633	7.946	7.946	244	2	1	0	1
0.5	0.1	-0.111776	0.5	0.1	-0.0649048	1	0.2	-0.176681	1	0.823319	2.50828	2.50568	1.05699	1.10005	2.59498	-0.00271119	17.1882	17.1882	245	1	1	0	1
0.5	0.1	-0.015128	0.5	0.1	-0.0369848	1	0.2	-0.0521128	0	-0.0521128	2.89294	2.94963	0.307939	0.296178	2.53978	0.059046	-4.93757	-4.93757	245	2	1	0	1
0.5	0.1	-0.0369848	0.5	0.1	-0.0875172	1	0.2	-0.124502	0	-0.124502	2.02203	2.06423	0.499185	0.436144	1.91948	0.0439586	-26.1352	-26.1352	246	1	1	0	1
0.5	0.1	-0.0867921	0.5	0.1	-0.0916319	1	0.2	-0.178424	0	-0.178424	2.03606	1.93931	0.453016	0.497777	1.9384	-0.100785	16.5689	16.5689	246	2	1	0	1
0.5	0.1	-0.0395176	0.5	0.1	-0.073444	1	0.2	-0.112962	1	0.887038	3.35344	3.42772	0.856528	0.901309	3.15144	0.0773662	19.094	19.094	247	1	1	0	1
0.5	0.1	-0.0369848	0.5	0.1	-0.012993	1	0.2	-0.0499779	1	0.950022	3.29611	3.34793	0.976376	1.0354	3.05625	0.0539779	24.6751	24.6751	247	2	1	0	1
0.5	0.1	-0.0967635	0.5	0.1	-0.0776376	1	0.2	-0.174401	0	-0.174401	1.9578	2.03658	0.363969	0.286721	1.90312	0.0820584	-33.0699	-33.0699	248	1	1	0	1
0.5	0.1	-0.0988833	0.5	0.1	-0.012993	1	0.2	-0.111876	0	-0.111876	1.88251	1.73778	0.439936	0.497322	1.83009	-0.150762	20.484	20.484	248	2	1	0	1
0.5	0.1	-0.0967635	0.5	0.1	-0.0369848	1	0.2	-0.133748	1	0.866252	2.648	2.73127	1.13766	1.12038	2.66067	0.0867364	-7.42537	-7.42537	249	1	1	0	1
0.5	0.1	-0.015128	0.5	0.1	-0.0516193	1	0.2	-0.0667473	0	-0.0667473	2.96871	2.94668	0.362224	0.437281	2.60131	-0.0229486	29.4817	29.4817	249	2	1	0	1
0.5	0.1	-0.0419858	0.5	0.1	-0.0349662	1	0.2	-0.076952	1	0.923048	3.30038	3.15908	0.99107	0.924529	3.06088	-0.147191	-23.8123	-23.8123	250	1	1	0	1
0.5	0.1	-0.0419858	0.5	0.1	-0.0516193	1	0.2	-0.0936051	1	0.906395	3.37805	3.29917	0.912277	0.758229	3.18711	-0.0821699	-57.8184	-57.8184	250	2	1	0	1
